BTC
1.035977419421788 1.0462918535516845 147775000 15491200000 998.33 963.66
1.0217697729052466 1.0220046985121378 185168000 16426600000 1043.84 1021.6
0.8760730680452655 1.3082972693921486 510199000 18604000000 1013.38 1156.73
1.0056447774740174 1.1032468794016224 279550000 14534400000 908.59 903.49
0.9886010249222549 1.0385083142951321 141877000 14694900000 902.83 913.24
0.856450689336211 1.205425035397766 310929000 14615700000 777.76 908.12
1.0251822728743125 1.0628205128205128 168968000 12939100000 823.98 803.74
1.0044735619820568 1.012843382090617 71013600 13174300000 821.8 818.14
1.092652987544377 1.096003851709196 155095000 13383900000 907.94 830.95
1.012078708602562 1.0229210484655222 105625000 14311700000 899.07 888.34
1.0293004299034114 1.0355543644545688 111158000 14432000000 921.79 895.55
0.9951485683414371 1.0125771756441302 73588600 14918800000 921.01 925.5
1.0107857206924389 1.0129641467326087 120831000 14380700000 901.54 891.92
1.001513567664097 1.0080471692962822 125594000 14810400000 919.75 918.36
0.9972127929549817 1.004645596475004 60851700 14874000000 919.5 922.07
1.0536831132731062 1.0554421473245308 164582000 14859700000 970.4 920.96
1.0002499592457752 1.0038935473696802 78227300 14844900000 920.38 920.15
1.0019351822659028 1.0044574422978658 68979600 14835800000 921.59 919.81
1.0168441582907612 1.0189643324244642 131958000 14551200000 917.59 902.39
0.9802455308121405 1.0356946732564525 111349000 14681400000 892.69 910.68
1.0026675052319969 1.044520700565979 116573000 14863600000 924.67 922.21
0.99650400258303 1.013968275442216 86728400 14472100000 895.03 898.17
0.9749826803171426 1.068973552370966 225677000 14648900000 886.62 909.37
1.0118644892793691 1.017384519731308 82755200 13234600000 831.53 821.78
0.991843808323436 1.0278536789503483 93063300 13285200000 818.41 825.14
1.038249180835419 1.0932703503757806 222326000 12477600000 804.83 775.18
1.0058064802092104 1.015326393358933 115808000 14522600000 907.68 902.44
1.0033363797526895 1.0625190194420964 158715000 14611400000 911.2 908.17
0.8895330493768734 1.1842545874154353 351876000 16314100000 902.2 1014.24
1.105639601685178 1.110130218307162 344946000 16795400000 1154.73 1044.4
1.0231619635096434 1.0348048560248821 222185000 16055100000 1021.75 998.62
1.0186211300389312 1.0189237076869193 150110000 15667900000 989.02 970.94
1.0182409586142804 1.0248614676989263 201278000 16326100000 1029.91 1011.46
0.9844947868751917 1.0207948198793002 114208000 16847400000 1027.34 1043.52
1.020391485761532 1.0209491030053646 146007000 16796600000 1061.35 1040.14
0.9339532262609185 1.142289214760736 407220000 17197100000 994.38 1064.7
1.0157245424208718 1.0269222551204176 102261000 15976700000 1004.45 988.9
0.9917507608521544 1.0267418032786886 100607000 16141500000 990.64 998.88
1.0012621619741406 1.0072485472952735 89759400 16264100000 1007.48 1006.21
1.019578606790629 1.0268417768417768 136474000 16589600000 1046.21 1026.12
0.9934677082938298 1.012793973894543 77423300 17056600000 1047.87 1054.76
1.033374101252687 1.0374397593158329 186869000 17456900000 1115.3 1079.28
1.0442596686566363 1.0534128348374157 189454000 18075200000 1166.72 1117.27
0.9772985534983466 1.0446918432495398 139961000 18939500000 1143.84 1170.41
1.0139115640413137 1.0159878973336312 131570000 18837300000 1179.97 1163.78
0.9993647943627617 1.0182877916403543 184956000 19113600000 1179.97 1180.72
1.0182911375811654 1.0329764643425943 116486000 18518900000 1165.2 1144.27
1.0008271439656864 1.0604526661719496 330759000 18974400000 1173.68 1172.71
1.002368137782562 1.0225705329153607 136100000 18033400000 1117.44 1114.8
1.0298372254908505 1.0372471656634892 109478000 16960200000 1079.98 1048.69
1.0049656408154708 1.0135057690838236 99073500 16964800000 1054.42 1049.21
1.019639755867613 1.025524735771349 122277000 16289100000 1027.44 1007.65
1.0129166918748864 1.0253834379149898 137946000 16028000000 1004.55 991.74
0.9956752232142857 1.0078642218031537 67530000 16214700000 999.18 1003.52
0.9930094513021905 1.0551500491185075 190452000 16083600000 988.67 995.63
1.0007060019579788 1.039981108251646 201855000 17156700000 1063.07 1062.32
1.0094807467911318 1.0160286336756925 111762000 16605400000 1038.15 1028.4
1.0112185236539228 1.0302809409354192 155064000 16648800000 1042.9 1031.33
1.022020202020202 1.030817111124672 145821000 15977800000 1011.8 990.0
1.0359818311243687 1.0362891946189252 229057000 19104800000 1222.5 1180.04
1.019412973431091 1.0236665573953994 315739000 20253700000 1274.99 1250.71
1.0102288944343014 1.0236095181170541 134127000 20316000000 1267.12 1254.29
0.9609883679832862 1.0587234395750331 291256000 20627100000 1223.54 1273.21
1.0331551267005694 1.049271400155972 212283000 18640900000 1188.49 1150.35
1.0533090870001434 1.0694334957718217 283320000 18093700000 1175.83 1116.32
1.0082993664980602 1.0167128172682678 380277000 19807700000 1231.92 1221.78
1.0076199845181266 1.0095664448477515 297805000 20110400000 1249.61 1240.16
0.9322718953362256 1.0732922869849124 706599000 19141800000 1100.23 1180.16
1.0614397018623365 1.0953999569993755 406648000 15846000000 1036.74 976.73
1.061760915706489 1.0635517738023046 337391000 17125600000 1120.54 1055.36
0.9890862339888576 1.0282623696461373 248540000 17043400000 1038.59 1050.05
1.038695624319303 1.0797269035420654 435803000 15204800000 972.78 936.54
1.075839720179003 1.07656536142719 372535000 15785000000 1045.77 972.05
0.9941591465279903 1.0386364531243848 298458000 16990900000 1039.97 1046.08
1.0439784150237668 1.0470271955115718 447287000 16679000000 1071.79 1026.64
0.9848590974947468 1.02867534606486 352969000 16929800000 1026.43 1042.21
1.0024603189798773 1.0359238321348994 326332000 16964500000 1047.15 1044.58
0.9925257440888697 1.0563514604009683 303668000 15814800000 966.73 974.01
0.902807068226684 1.1135643649128815 491038000 16857000000 937.52 1038.45
0.9361888189889797 1.1049486792676073 380841000 18187100000 1049.14 1120.65
1.0163800084840537 1.025417679515376 286530000 16829800000 1054.23 1037.24
0.8855404704962307 1.1633373361875423 621302000 17838700000 973.82 1099.69
0.949238010756555 1.0915796050119746 638568000 20293700000 1187.81 1251.33
1.006362810024672 1.0197342551936561 245306000 19978200000 1240.0 1232.16
1.0380411687715663 1.04391845902532 227176000 19073300000 1221.38 1176.62
0.9389251362077085 1.1793641216059412 563796000 19275300000 1116.72 1189.36
0.9401339077687761 1.0732353146122222 332603000 19819800000 1150.0 1223.23
1.0042288969364166 1.009014708208129 153657000 20531900000 1272.83 1267.47
0.9825587312024925 1.039731493445807 183270000 20688800000 1255.15 1277.43
1.0214994937453048 1.0382603116105364 368275000 19829800000 1251.01 1224.68
1.0082018456485429 1.0288665428945707 289634000 17413000000 1080.5 1071.71
1.037046103631171 1.0442359127793643 580444000 17924600000 1143.81 1102.95
0.9917470506286701 1.0192703141977135 414784000 18435700000 1124.78 1134.14
0.9982696320423432 1.019933126466619 317022000 19168500000 1176.9 1178.94
1.0096041884460762 1.0216322768931443 242343000 19134400000 1187.87 1176.57
1.0147794452023646 1.0173563741094436 216182000 19316000000 1205.01 1187.46
0.9735724634061048 1.042760540970565 351969000 19541300000 1169.28 1201.02
1.0044718581341558 1.0197775030902347 203559000 18996500000 1172.52 1167.3
1.0090090851468414 1.0189741184496652 253206000 19260500000 1193.91 1183.25
0.9984820110054201 1.008655027052146 288061000 19734800000 1210.29 1212.13
0.9940053033137576 1.016765935042285 272167000 20020700000 1222.05 1229.42
0.9799418793428144 1.0234729305447114 258951000 20066200000 1207.21 1231.92
1.012027670038786 1.014088338120115 242556000 20372300000 1265.49 1250.45
1.027966736355977 1.029969562163428 449197000 20889200000 1317.73 1281.88
1.002997328962545 1.0091164148691083 422706000 21479800000 1321.79 1317.84
1.0196842352122373 1.0250889787971893 413115000 21548400000 1347.89 1321.87
0.9990438174450195 1.0301074769609324 527489000 21476000000 1316.48 1317.74
1.0119195254306905 1.0228290663780777 329631000 20627900000 1281.08 1265.99
1.0334978464489142 1.0341509387167978 235806000 19705400000 1250.15 1209.63
1.0073606987756705 1.0224167749302837 249320000 19913900000 1231.71 1222.71
1.0148627671169534 1.0267955412484173 315108000 19719900000 1229.08 1211.08
1.014994513180931 1.019936838754534 270524000 19433800000 1211.67 1193.77
1.0088094080725902 1.0124593854734312 183231000 19085100000 1182.94 1172.61
0.9976160570095615 1.0267375990481036 254827000 19043800000 1167.54 1170.33
0.9963147716237415 1.008673418229219 288702000 19600800000 1200.37 1204.81
0.9998568179903985 1.009584068394626 215883000 19311200000 1187.13 1187.3
1.00281413891613 1.0192674912694182 209312000 19068600000 1175.95 1172.65
1.0505147404979527 1.0555688792957958 511222000 18302600000 1182.68 1125.81
0.9892887073119632 1.0320565451754544 436310000 18619000000 1133.25 1145.52
1.0199516939506392 1.029885164349807 514187000 17559400000 1102.17 1080.61
1.0543647556181859 1.0637988578209596 713624000 21981800000 1421.6 1348.3
1.0249762687614357 1.0312817359705422 583796000 23707100000 1490.09 1453.78
1.0094621869463356 1.057321719128804 946036000 25133100000 1555.45 1540.87
1.0109150537838643 1.023695953223573 1080030000 25768500000 1596.71 1579.47
1.0182552251013695 1.068280603624075 1167920000 28132200000 1755.36 1723.89
1.0383066441245359 1.06755347936309 799490000 29060600000 1848.57 1780.37
1.0474662240586843 1.0980630859800857 579635000 28132300000 1804.91 1723.12
0.9612870761540333 1.061022861624545 731529000 29532600000 1738.43 1808.44
1.0650709723002438 1.121631135260032 1064730000 28204800000 1839.09 1726.73
1.0476132752178016 1.0604523211215449 1157290000 30999000000 1987.71 1897.37
0.987503809814081 1.0400392638036808 1147860000 33779400000 2041.2 2067.03
1.058798298928617 1.0653293550608218 1378750000 35822600000 2320.42 2191.56
0.9422542350709662 1.209342318295191 2406700000 39995400000 2304.98 2446.24
0.9283330373770073 1.2178917249963628 1700480000 35917100000 2038.87 2196.27
1.044539531265195 1.0948570831968945 994625000 35323500000 2255.61 2159.43
1.045364143032841 1.0771403403291433 1544830000 35786700000 2286.41 2187.19
0.9645777170828602 1.0834945424250553 1443970000 36897000000 2175.47 2255.36
1.0495209534195358 1.103822635924599 1147140000 33595900000 2155.8 2054.08
0.9489549267737808 1.2421826360165833 1763480000 37950600000 2202.42 2320.89
1.0526714827881811 1.087168353170757 1725380000 37949200000 2443.64 2321.37
1.0637287770594022 1.1417484773548348 1942220000 33393600000 2173.4 2043.19
1.05064407531347 1.0556022522431288 961336000 32422400000 2084.73 1984.24
1.0384615384615385 1.0538757802470229 894321000 29710500000 1888.65 1818.7
0.9958374002411438 1.058937232440381 959045000 28446300000 1734.45 1741.7
1.004470086514221 1.0308450878634712 437196000 29405100000 1808.91 1800.86
0.9341626213592233 1.095713720698225 740984000 30131100000 1724.24 1845.76
1.0174265024024778 1.0403350590425224 915723000 28668100000 1787.13 1756.52
1.0791711544723592 1.0791711544723592 1340320000 26056500000 1723.35 1596.92
1.0141250377374247 1.0235332252836304 582530000 25395600000 1578.8 1556.81
1.0314948481270796 1.079283835998712 933549000 24311900000 1537.67 1490.72
1.0223710970211748 1.0411177588313827 477338000 23170200000 1452.82 1421.03
1.052243339028899 1.069946205311297 1653180000 37446200000 2407.88 2288.33
1.0086737885568549 1.065333371844015 1514950000 40817100000 2515.35 2493.72
1.06941967839516 1.0703484156767136 1369310000 41133900000 2686.81 2512.4
0.9521778223867176 1.062512960274906 1517710000 46989800000 2732.16 2869.38
1.0058309349442909 1.0379486482426081 1348950000 45987100000 2823.81 2807.44
1.0053357621813412 1.0549439717235867 1752400000 48208700000 2958.11 2942.41
1.0134693070636462 1.052317026237747 1781200000 43934100000 2717.02 2680.91
0.9859976476047976 1.145393500108452 2026260000 40971300000 2464.58 2499.58
1.0564317564369274 1.0805767497263536 1534510000 41217200000 2655.88 2514.01
1.0159158581891934 1.0446522794945527 1446840000 41800600000 2589.6 2549.03
0.99249657677076 1.0419523379942865 1626580000 44440800000 2689.1 2709.43
1.0138770896895106 1.021726519285981 961319000 44415900000 2744.91 2707.34
0.9931575414708984 1.0509929000203753 1161100000 42783800000 2589.41 2607.25
1.029857370534003 1.0940681271672832 1489790000 40677900000 2552.45 2478.45
0.9890012307404696 1.0312091711545202 949979000 42150300000 2539.32 2567.56
0.9770009924229298 1.0326093535020155 860273000 41689100000 2480.84 2539.24
1.0085232057594309 1.0481239081958766 1183870000 41906700000 2574.79 2553.03
0.9567199496635874 1.1005601168207584 1663280000 42514000000 2478.45 2590.57
0.9526021354600295 1.0676489147139776 982750000 44932900000 2608.72 2738.52
1.0053436788144314 1.030798225828426 1097940000 44143700000 2705.41 2691.03
1.0503731775275347 1.0670432694164071 1854190000 42498000000 2721.79 2591.26
0.959681397932476 1.0579296038277968 1178660000 43539300000 2548.29 2655.35
1.0198374615823806 1.0648890006917804 1195190000 40484100000 2518.56 2469.57
0.9225177409381349 1.1549520501960264 1696560000 44528300000 2506.37 2716.88
0.9005864784878879 1.1900689282764756 2569530000 48391200000 2659.63 2953.22
1.0422786707871605 1.0744352005242939 2018890000 46331400000 2947.71 2828.14
1.0312921569276123 1.054044441116457 1281170000 44557100000 2805.62 2720.49
1.0640543473413506 1.1148600437038247 2089610000 44061000000 2863.2 2690.84
0.9858779569744759 1.0543722018804993 1355120000 41708200000 2511.81 2547.79
1.03515763114437 1.0485522390575228 1317030000 39344600000 2488.55 2404.03
0.976711064751665 1.0396985817801532 779914000 40928200000 2434.55 2492.6
1.026215099897541 1.046172701141316 964112000 41037200000 2564.06 2498.56
0.9996619116590533 1.0331291485296723 941566000 42760800000 2601.99 2602.87
0.9655254371135363 1.1669834765313922 917412000 42864200000 2518.66 2608.59
0.9789435631518185 1.0468305005977938 527856000 42283200000 2518.44 2572.61
0.979839808205743 1.050792185683622 1329760000 39224200000 2337.79 2385.89
0.9813543097348817 1.0360513151318123 835770000 39511000000 2357.9 2402.7
0.8963015443115169 1.1209449309438757 993608000 36681300000 1998.86 2230.12
1.1530512982376255 1.154127557409113 1201760000 31795000000 2228.41 1932.62
0.97862751175164 1.060586754445344 1245100000 38227800000 2273.43 2323.08
0.9398783121536355 1.0825981654175487 1489450000 46719000000 2667.76 2838.41
0.9723300452263096 1.0671605235988755 1072840000 46231100000 2730.4 2808.1
0.9343535811423391 1.115729395072875 1460090000 45410100000 2576.48 2757.5
1.0524163846993158 1.0648311417207652 789104000 41816500000 2671.78 2538.71
0.9712969626151576 1.043062982768865 803746000 46246700000 2726.45 2807.02
1.0405683183509216 1.0621220976178136 860575000 45535800000 2875.34 2763.24
1.0120357217578981 1.0429816435714692 705943000 44890700000 2757.18 2724.39
1.0482436663395194 1.0812469913013625 1380100000 44144400000 2809.01 2679.73
0.9812551158559529 1.0652684837604047 937404000 42455000000 2529.45 2577.77
1.0081091960332274 1.0289234918623735 866474000 44995600000 2754.86 2732.7
1.053019714235394 1.0770249575762594 1177130000 43929600000 2810.12 2668.63
1.2412936309689016 1.2779033345228183 2249260000 37356800000 2817.6 2269.89
1.0382177012070632 1.1029393422857856 1512450000 36749400000 2318.88 2233.52
0.9687948674183475 1.117057237266892 1182870000 32767600000 1929.82 1991.98
0.9460939849783316 1.082460768955946 882503000 38823100000 2233.34 2360.59
1.0283225521590214 1.0653014759531283 1117410000 38355900000 2398.84 2332.77
0.9395346995346995 1.0930710472916207 1111200000 41509000000 2372.56 2525.25
1.0202637019049547 1.0317095385405508 733330000 41417700000 2571.34 2520.27
1.0001763736053066 1.0135686314003616 761957000 42851400000 2608.56 2608.1
1.0158688012495118 1.0282259167366714 985516000 42067900000 2601.64 2561.0
1.0287596453784271 1.049873895542082 803747000 40010500000 2506.47 2436.4
0.9467001009995473 1.0877789403524711 1324670000 47321800000 2718.26 2871.3
1.035123783935399 1.0477330790945725 804797000 44666400000 2804.73 2709.56
1.1226105472403307 1.1444189743393522 1945700000 47778200000 3252.91 2897.63
1.051718449442539 1.068153881460849 1482280000 52987300000 3378.94 3212.78
0.9772161150742602 1.0539124972672718 1468960000 56424900000 3342.47 3420.4
1.082043499653212 1.0912185805961827 2021190000 55668000000 3650.62 3373.82
1.0497984556860238 1.0908782207475765 3159090000 64034100000 4073.26 3880.04
0.966475540733859 1.140748762217819 3258050000 71425500000 4181.93 4326.99
0.987968816998294 1.0567875750227984 2553360000 72389100000 4331.69 4384.44
1.0135218415805691 1.0686831799121028 2975820000 68333100000 4193.7 4137.75
0.9783057245115487 1.0302211302211304 2800890000 67567100000 4001.74 4090.48
1.0152873189353904 1.0434899875196462 2369820000 67553000000 4151.52 4089.01
1.0089502910344765 1.0344411296969134 1727970000 71595100000 4371.6 4332.82
1.0086948516719982 1.0230005396904076 1537460000 71809200000 4382.88 4345.1
1.043244684123111 1.062854280547686 2486080000 72553800000 4579.02 4389.21
1.0324436571333242 1.0410273882270191 1944930000 75322300000 4703.39 4555.59
0.9988928662074761 1.0346892814570796 1937850000 75556600000 4565.3 4570.36
0.999591738986646 1.0424391190728677 1959330000 72467900000 4382.66 4384.45
0.9955032639076314 1.0257078079034645 1511610000 72249100000 4352.4 4372.06
1.0476314771848414 1.0595918900989285 2037750000 68363900000 4334.68 4137.6
1.0255530406292597 1.1236005203315753 3764240000 66051000000 4100.52 3998.35
0.9757358610367816 1.0310598838294986 2109770000 69192700000 4087.66 4189.31
0.9621398872429087 1.0883423818299547 2941710000 71406500000 4160.62 4324.34
1.0419704119190352 1.0968375884358679 2272040000 69342700000 4376.63 4200.34
1.063704778534714 1.0842207382005236 2463090000 67112300000 4325.13 4066.1
1.0641204394857873 1.0930403741317765 2219590000 60242100000 3884.71 3650.63
1.0118018815981615 1.0403618649965205 1515110000 55134700000 3381.28 3341.84
1.01475274611153 1.0415502281944988 1752760000 55590300000 3419.94 3370.22
0.9865944664953754 1.0436335403726709 1105030000 53720900000 3213.94 3257.61
1.0316929884250765 1.0567149709153996 1002120000 46276200000 2895.89 2806.93
0.9939643508010252 1.035202110477818 1094950000 44950800000 2710.67 2727.13
1.0404635710882733 1.045629717026502 2599080000 77748400000 4892.01 4701.76
0.9994962128729605 1.0671157803236606 1933190000 75841700000 4582.96 4585.27
1.035059090081333 1.1074832858525654 2697970000 69954400000 4376.53 4228.29
1.0023403077700832 1.0364502274381977 1844620000 75945000000 4599.88 4589.14
0.9991134353552523 1.0473273684952518 1386230000 70017200000 4226.06 4229.81
1.0094118331970883 1.039583841537786 1557330000 68256000000 4161.27 4122.47
0.9396439479377927 1.0902552032760584 2219410000 68432200000 3882.59 4131.98
1.1488235479897673 1.267027984606091 4148070000 52453500000 3637.52 3166.3
0.9935113191432723 1.063607921895497 1239150000 59757800000 3582.88 3606.28
0.963468907331993 1.0582082106661637 1563980000 67520300000 3924.97 4073.79
0.9306851007440785 1.0837910909528645 1411480000 64677600000 3631.04 3901.47
1.0447613170538195 1.06249130635568 928114000 60190000000 3792.4 3629.92
1.0664089874456077 1.0729768197350051 1374210000 61061100000 3926.07 3681.58
1.0790482257625342 1.0837181645481644 1686880000 64579200000 4200.67 3892.94
0.9979504365210637 1.04340861884143 1367050000 69219200000 4163.07 4171.62
1.0414295349858742 1.0474829722701557 1207450000 69136600000 4338.71 4166.11
0.9946630197301488 1.0412706523590531 1712320000 69633200000 4174.73 4197.13
0.990820713723873 1.0258378769477248 1043740000 65161000000 3892.35 3928.41
0.9701513375393491 1.0352477569609206 768015000 62954300000 3682.84 3796.15
1.0007386949355295 1.0576159480854248 1194830000 60152300000 3630.7 3628.02
0.9973419195375297 1.0450161105105853 1213830000 64918500000 3905.95 3916.36
1.1320239815766242 1.1359308733560005 1943210000 59514100000 4065.2 3591.09
0.996506082056216 1.092049693358832 1818400000 60271600000 3625.04 3637.75
0.8141029114639377 1.2431116156075412 2716310000 64191600000 3154.95 3875.37
0.9908680508913665 1.0635045358634296 1864530000 69033400000 4130.81 4168.88
0.9748424103997313 1.0745120272130881 1679090000 70018100000 4122.94 4229.34
0.918263426243605 1.1437531593696475 2700890000 76220200000 4228.75 4605.16
1.050388544506111 1.054988015783978 2172100000 72418700000 4597.12 4376.59
0.9226157159875688 1.1176199980527701 2987330000 75955500000 4236.31 4591.63
0.9341721378702499 1.1131736044607137 2722140000 81060600000 4578.77 4901.42
1.014441206620518 1.031366735287987 1208210000 72047300000 4403.74 4341.05
0.97936240773422 1.040757098680642 1288020000 73181300000 4317.48 4408.46
1.0232938050252016 1.0476915502935844 1161770000 70233700000 4328.41 4229.88
1.0131690068316797 1.0284259612825586 906928000 72565100000 4426.89 4369.35
1.0341313939477996 1.0688963137426741 1968740000 76656500000 4772.02 4614.52
1.0077736597588347 1.0256964452198507 1222280000 79578200000 4826.48 4789.25
1.0335001171268776 1.0742065718200795 3615480000 90812400000 5647.21 5464.16
0.9729658873604342 1.0682417620527835 1976040000 97011900000 5678.19 5835.96
0.9763009485193972 1.059866026400035 1821570000 95469300000 5605.51 5741.58
1.0223470290522125 1.0385622285782472 1780540000 92867000000 5708.52 5583.74
1.0058047722198042 1.038525951916742 2207100000 99763200000 6031.6 5996.79
0.9873992673992673 1.0598555247563441 2401840000 99941600000 5930.32 6006.0
1.0409441407522717 1.0660351841834201 1966990000 91954200000 5750.8 5524.6
0.979856739449535 1.0453095052733374 1710130000 98225400000 5780.9 5899.74
1.0694090128665867 1.0927806057387617 2859040000 95819800000 6153.85 5754.44
1.0548563116232497 1.060147493253683 2311380000 102130000000 6468.4 6132.02
1.002564249327457 1.0288270690382975 1772150000 101833000000 6130.53 6114.85
0.9939994678479981 1.0329625131169817 1403920000 96369600000 5753.09 5787.82
1.027293208883167 1.0446722901758716 1905040000 95685100000 5904.83 5747.95
0.9311130280076556 1.0783658964641418 2735700000 98781600000 5526.64 5935.52
0.9953219164239828 1.0490164596691494 2034630000 100438000000 6008.42 6036.66
1.0531419331442458 1.076925947579893 2354430000 94947900000 6011.45 5708.11
0.9976569554339718 1.0878162222601835 2399270000 93190200000 5590.69 5603.82
1.0066847528909535 1.0418490641588252 2008070000 94559000000 5725.59 5687.57
1.0333585539547057 1.0440049788613 1669030000 93803000000 5831.79 5643.53
1.1278227092210917 1.1295956034840315 2791610000 80256700000 5446.91 4829.58
1.0012101645446911 1.0329625821074058 1597140000 79351800000 4781.99 4776.21
1.040817939033833 1.0495955184717771 1313870000 73575400000 4610.48 4429.67
1.0107181012195743 1.0214649591601033 1069940000 71810600000 4370.81 4324.46
0.9791613128766463 1.0336997259180796 1116770000 71712500000 4229.36 4319.37
1.0030733812425923 1.0211926551013601 1431730000 72963200000 4409.32 4395.81
1.0506662816314933 1.0610594743080772 2870320000 107287000000 6767.31 6440.97
1.0169635966267516 1.0654510819741423 3369860000 118084000000 7207.76 7087.53
1.000390302139774 1.038767575911711 2380410000 123388000000 7407.41 7404.52
1.0172687274850136 1.0327803961213708 2326340000 117056000000 7144.38 7023.1
0.9592779746549874 1.048624801450957 3226250000 124146000000 7143.58 7446.83
0.960564227232002 1.1078185493099857 4908680000 110362000000 6357.6 6618.61
1.104616679998316 1.1654435354850632 6263250000 99029000000 6559.49 5938.25
1.1026080822818007 1.1066338496042056 4200880000 110667000000 7315.54 6634.76
0.9815905378063734 1.05865556421098 4651670000 131026000000 7708.99 7853.57
1.0348260308033834 1.053002950312577 3149320000 129595000000 8036.49 7766.03
0.9836114719696213 1.0754826600504206 4277610000 136967000000 8071.26 8205.74
0.9764818922352954 1.0284409182001724 4225180000 137444000000 8038.77 8232.38
1.066637870053666 1.0732217087954683 4342060000 137632000000 8790.92 8241.71
1.0497855169405266 1.0497855169405266 5653320000 156221000000 9818.35 9352.72
0.9812660011510906 1.199600459534029 11568800000 168367000000 9888.61 10077.4
1.0329884856749765 1.1737601947392158 8310690000 165537000000 10233.6 9906.79
1.0239600628293781 1.0399946591621048 6348820000 164104000000 10058.8 9823.43
1.0616119621710673 1.085161225626995 5475580000 146789000000 9330.55 8789.04
1.0222528554549035 1.05455658216355 5058610000 134816000000 8253.69 8074.02
1.021738188525554 1.02808381431669 3633530000 134851000000 8253.55 8077.95
1.020098095924031 1.048746062576107 3488450000 134167000000 8200.64 8039.07
1.0120745049180158 1.0564819975775246 3667190000 128425000000 7790.15 7697.21
1.0748917145962715 1.110191762650176 5123810000 122164000000 7871.69 7323.24
1.011319092643733 1.0469269160831043 3197110000 109434000000 6635.75 6561.48
0.9451381553344081 1.200405507509499 8957350000 104980000000 5950.07 6295.45
0.9225521451183695 1.1359558294636989 5208250000 119607000000 6618.14 7173.73
1.0445726176173231 1.0931119114087393 4602200000 119041000000 7459.69 7141.38
0.9486088485821035 1.0625718000202646 3111900000 123379000000 7022.76 7403.22
1.0300747576935103 1.065646653240946 2483800000 119376000000 7379.95 7164.48
1.0443700509164517 1.0900481156195256 4653770000 112910000000 7078.5 6777.77
1.0761869276175162 1.1394635185385755 6783120000 170436000000 10975.6 10198.6
1.021700488148195 1.0917602651445406 6608310000 185258000000 11323.2 11082.7
1.019767750327323 1.0368302224979749 6895260000 195389000000 11916.7 11685.7
1.2547017054415712 1.273338407802352 17950700000 238600000000 17899.7 14266.1
0.9185937433805597 1.2272850258502805 13911300000 276415000000 15178.2 16523.3
1.0978389099913142 1.1369118716244289 12153900000 258147000000 16936.8 15427.4
0.9376114285714287 1.1005879162328471 12976900000 292900000000 16408.2 17500.0
1.0665971941956354 1.093534843656822 14310000000 277936000000 17706.9 16601.3
0.9827991661446513 1.0587590452248066 13314600000 326141000000 19140.8 19475.8
0.9298263966984512 1.110121907452215 16894500000 320242000000 17776.7 19118.3
0.9495565543431235 1.1450201072822905 16516600000 278827000000 15802.9 16642.4
1.053804297174647 1.1283119287284509 13086000000 233748000000 14699.2 13948.7
1.002193499524861 1.0850701544364223 10664700000 234590000000 14026.6 13995.9
0.9798929687258329 1.1201908126740903 12487600000 270976000000 15838.5 16163.5
0.9973053525497082 1.0679387712308661 13025500000 246428000000 14656.2 14695.8
1.0975910433643208 1.1271441562921383 12136300000 216326000000 14156.4 12897.7
0.8821882726350132 1.188808187787953 14452600000 246224000000 12952.2 14681.9
0.9207266721717589 1.1399912465111608 12336500000 265988000000 14606.5 15864.1
1.1469871621332801 1.1733778129432815 13454300000 235294000000 16099.8 14036.6
0.9532865103161238 1.1473442268016976 11572300000 244824000000 13925.8 14608.2
0.8700339665366712 1.34736753147976 22198000000 266381000000 13831.8 15898.0
0.93605400809671 1.1155015953774483 22149700000 297526000000 16624.6 17760.3
1.0004082401708327 1.055301020380368 14839500000 320000000000 19114.2 19106.4
1.0978080325219732 1.1256844016374257 12740600000 297376000000 19497.4 17760.3
1.0109493060556864 1.0555977733706496 13777400000 274269000000 16564.0 16384.6
1.0292911263726523 1.0730285548770186 14603800000 283155000000 17415.4 16919.8
1.0189209145328446 1.198388096714197 13433300000 253782000000 15455.4 15168.4
0.930713535435238 1.2801512181852424 21136000000 297787000000 16569.4 17802.9
1.1986094570340675 1.2051176677793247 12656300000 199390000000 14291.5 11923.4
1.0302066210650973 1.0519229728022526 6132410000 189172000000 11657.2 11315.4
1.0087718499221192 1.0380647586908878 5138500000 183490000000 11074.6 10978.3
0.9677583934468049 1.0727876728469672 10291200000 236725000000 13657.2 14112.2
1.0996036697247706 1.1732808654167552 16846600000 228579000000 14982.1 13625.0
