XRP
0.9762379273340488 1.0580991474581622 418978 237032000 0.006368 0.006523
1.015262321144674 1.018158649251354 1014830 228578000 0.006386 0.00629
0.9435483870967742 1.0910296799867352 4058170 238808000 0.006201 0.006572
1.002361832782239 1.0441871840860915 1351030 230770000 0.006366 0.006351
0.9884596890527328 1.027256406071487 702255 226700000 0.006167 0.006239
0.9557245080500893 1.0647972116603297 3436270 243761000 0.006411 0.006708
1.0251787379546162 1.0419011882426517 2059340 236592000 0.006596 0.006434
0.9794670161642639 1.0295866785608088 780822 252519000 0.006726 0.006867
1.0041346721795628 1.0356926799758015 1842150 249018000 0.0068 0.006772
1.0478176672128705 1.0553140458701844 760684 246854000 0.007034 0.006713
1.0017926501344487 1.021862833183588 553724 246709000 0.006706 0.006694
0.9968740696635904 1.0109576703692584 309838 247604000 0.006697 0.006718
0.9978550635820438 1.0160246533127888 522497 240565000 0.006513 0.006527
0.9596110695587134 1.0764492181329963 924745 246404000 0.006415 0.006685
1.0072372561359346 1.0327660251312232 325176 234254000 0.006402 0.006356
0.9881064162754304 1.018103858980467 661444 235508000 0.006314 0.00639
0.9967197750702906 1.0181016842436643 391822 235961000 0.006381 0.006402
0.9895459510063973 1.0151826664557964 241491 236216000 0.006342 0.006409
1.0274919367224695 1.1008560311284046 1446950 239951000 0.00669 0.006511
0.9749552772808586 1.0281603917967554 509262 247242000 0.00654 0.006708
1.001043841336117 1.015932661957012 362422 247165000 0.006713 0.006706
0.9492320819112628 1.0832072617246595 620052 259186000 0.006675 0.007032
0.9880706921944035 1.0699804775491817 1342730 249667000 0.006709 0.00679
1.006076774862902 1.0177162423701058 699284 248106000 0.006788 0.006747
1.0382753403933433 1.0435839028094154 1307810 243056000 0.006863 0.00661
1.0009350163627864 1.0787277594079674 5013190 233170000 0.006423 0.006417
1.0878674679226896 1.1084905660377358 2510530 223720000 0.006698 0.006157
0.9765000783330722 1.024229781771502 554133 231946000 0.006233 0.006383
1.019041471679845 1.0466524799476185 1746150 225184000 0.006315 0.006197
1.0289741581832421 1.0424432263116679 1642730 232030000 0.00657 0.006385
0.9882555590353899 1.0248368094252507 1046250 232067000 0.006311 0.006386
1.0362858501029948 1.0628900624099855 1836820 232609000 0.00654 0.006311
1.0012372409526755 1.0170285892829247 548263 238302000 0.006474 0.006466
0.9919926085617493 1.0249882867405904 367001 239337000 0.006442 0.006494
0.9953394438402984 1.0205393540294763 94544 237240000 0.006407 0.006437
0.9908285403388777 1.0469885354432424 1700680 237091000 0.006374 0.006433
1.0068362480127186 1.0194484297784154 334607 232996000 0.006333 0.00629
0.9974469443114727 1.0176621708413616 462843 232161000 0.006251 0.006267
0.9789775441949354 1.0339622641509434 813299 232611000 0.006147 0.006279
0.9993264859403941 1.0379768392370572 1160600 220014000 0.005935 0.005939
1.0517087135444623 1.0578096947935367 896856 207033000 0.005878 0.005589
0.9933571793561574 1.0303400174367918 653081 217476000 0.005832 0.005871
1.0066598360655739 1.0250086236633322 750533 216920000 0.005895 0.005856
0.993859649122807 1.0204335465529495 684577 211712000 0.005665 0.0057
0.9901147396293029 1.0156918687589158 641126 210425000 0.005609 0.005665
0.9871611982881597 1.035490989334314 1693350 208297000 0.005536 0.005608
1.0012358757062148 1.0145107060697223 258373 210392000 0.005671 0.005664
0.9690634030256672 1.0487243090007088 1343690 218525000 0.005701 0.005883
1.0018806633612583 1.0120336943441637 500712 216670000 0.00586 0.005849
0.998979418268413 1.036411149825784 880117 217802000 0.005873 0.005879
0.9361237182719785 1.1081628892574167 1866850 220370000 0.005569 0.005949
0.9819159335288368 1.042752171008684 1355840 227363000 0.006027 0.006138
1.0060897435897436 1.0179487179487179 67115 231161000 0.006278 0.00624
0.9906763590391909 1.0151539320465783 230479 234436000 0.006269 0.006328
0.9877493324956809 1.0820413436692506 808768 235873000 0.006289 0.006367
1.0048384579366318 1.2235238987816308 860217 236123000 0.006438 0.006407
1.0017083398043174 1.01516335782398 386766 237318000 0.00645 0.006439
1.0007707723138586 1.0153989734017732 314187 239094000 0.006492 0.006487
0.9891437308868501 1.0390220968500234 670888 241026000 0.006469 0.00654
0.9788235294117645 1.0325763216679076 1630460 205222000 0.005408 0.005525
1.0586172344689377 1.063337801608579 2703850 224009000 0.006339 0.005988
0.9744038155802862 1.0424212759014522 1044760 235301000 0.006129 0.00629
1.0787518573551262 1.10093739537998 2901920 226570000 0.006534 0.006057
1.0020046260601387 1.0284913591779543 2064660 242570000 0.006498 0.006485
1.0014448547118318 1.0412724306688417 1818590 232266000 0.006238 0.006229
1.0181789188327222 1.0443469785575048 2561890 233853000 0.006385 0.006271
0.9912087912087912 1.0315822885256307 1376090 237552000 0.006314 0.00637
0.9547299406806119 1.073031825795645 3442010 239193000 0.006116 0.006406
1.0261282660332542 1.0979255643685175 4241970 251511000 0.006912 0.006736
0.9875643224699829 1.0416666666666665 3021440 261234000 0.006909 0.006996
1.4527732015376167 1.4579774042435933 12315100 271965000 0.010582 0.007284
0.8680251380689394 1.184845132743363 11334900 392674000 0.009116 0.010502
1.0121282429867116 1.0980884762424903 6336150 354514000 0.009597 0.009482
1.060361116943103 1.0610294117647059 3344230 356171000 0.010101 0.009526
1.600812322783355 1.6687868802207066 72699400 487885000 0.020889 0.013049
1.3112098765432099 1.3951604938271605 19821800 378563000 0.013276 0.010125
0.9943561872909699 1.0392241379310345 3111280 357724000 0.009514 0.009568
1.0421443389016267 1.0838198039431655 5475230 342448000 0.009545 0.009159
0.9990501519756839 1.1850027367268745 24493700 393620000 0.010518 0.010528
1.0568905616676318 1.083987213019471 4652530 257915000 0.007301 0.006908
1.0086767895878526 1.0519153971306021 3423710 258208000 0.006975 0.006915
1.0933680951605018 1.2088917947041515 7223300 229142000 0.00671 0.006137
1.0118689666086407 1.0315467568002574 3860210 235622000 0.006394 0.006319
1.0055152852190357 1.0205512187350647 1358830 236634000 0.006381 0.006346
1.0065980045059544 1.0372987183700295 1531030 231721000 0.006255 0.006214
0.9575580501307088 1.08198347107438 3144440 242488000 0.006227 0.006503
0.9935887650740345 1.0649064906490648 3432500 245051000 0.006509 0.006551
0.9882525697503671 1.0287745989746981 1023500 229280000 0.006057 0.006129
0.9913440352533837 1.0348837209302326 1372440 237670000 0.006299 0.006354
1.1055545303561543 1.1495931952662723 3811500 201301000 0.005991 0.005419
1.0068527802051235 1.1593775427176565 30657700 812963000 0.021892 0.021743
0.5477268580716856 2.2441068240609177 155550000 2261800000 0.033023 0.060291
0.9507302198683999 1.1409666609871072 42360300 1402530000 0.035544 0.037386
1.1093158216249237 1.1996167462405405 36825000 1228290000 0.036319 0.03274
0.9503058744657673 1.10740248089832 15695600 1343050000 0.03402 0.035799
0.978471954152686 1.079319494303106 11301000 1263420000 0.032952 0.033677
0.9977944803969936 1.0631481426137892 15872400 1292790000 0.034383 0.034459
1.0127356239560963 1.0301709889713615 4972610 1258400000 0.033955 0.033528
1.0076347305389222 1.0335305719921104 7933260 1253560000 0.033655 0.0334
0.9093457098942165 1.1246336780408932 13265600 1245350000 0.030173 0.033181
1.102701248023682 1.165251916757941 28245700 1126210000 0.03278 0.029727
0.9811782420478073 1.0400754667881076 4976320 1207680000 0.031278 0.031878
1.029832213696711 1.0808064670735216 13469200 1189920000 0.032346 0.031409
1.0605903676851371 1.1001026215132008 16661600 1243640000 0.034816 0.032827
1.1864984963418466 1.2953678351811122 114359000 1688070000 0.052868 0.044558
0.9772757399587176 1.1023116956469117 41974200 2000600000 0.051607 0.052807
1.276440030996183 1.296889374425023 81121600 1320040000 0.044475 0.034843
1.0125656066687247 1.041201876767237 11921700 1227080000 0.032797 0.03239
1.0047381226789602 1.0227080486693993 6333250 1183370000 0.031384 0.031236
0.959181208864199 1.059098720641589 9020550 1254840000 0.03177 0.033122
0.9909117948378995 1.1134106863565272 25650400 1135700000 0.029984 0.030259
0.9864736310125453 1.0351427006632996 8970210 1262530000 0.033183 0.033638
0.9876623376623376 1.0243417485087665 5980280 1271610000 0.033462 0.03388
0.9859027494016696 1.0649063238949856 8869300 1285920000 0.033779 0.034262
1.0404217926186292 1.071342796440558 13437000 1238110000 0.034336 0.033002
0.9846144829000968 1.069651892946412 12012700 1280150000 0.033598 0.034123
0.9860816944024205 1.056166265888011 14782600 1363900000 0.035849 0.036355
0.9157041937654182 1.2504836574686895 48264600 1338210000 0.032665 0.035672
1.133900460159845 1.4370145459680836 78538100 1239170000 0.037455 0.033032
2.787811104020421 3.29281895280236 230622000 820232000 0.061159 0.021938
1.0685343156262117 1.1715838351886774 61730100 1954090000 0.055115 0.05158
1.1221593544198127 1.175047338523038 42869000 2042180000 0.06049 0.053905
1.1660372184621521 1.3586984143118521 184430000 3045130000 0.09355 0.080229
1.390801440218191 1.4986557237866138 249029000 3868770000 0.141763 0.101929
0.8035924055462405 1.6136928410934035 214002000 7560680000 0.160074 0.199198
0.9897316723863052 1.1994508437428817 103699000 7023110000 0.183135 0.185035
1.039579674596148 1.1958605198416943 117101000 7917710000 0.214878 0.206697
1.2301596317518597 1.2301596317518597 223923000 8429940000 0.27072 0.220069
1.109843322332481 1.3334130004473617 470974000 13603300000 0.394132 0.355124
0.901778517489443 1.2084848766930192 269894000 14006800000 0.327801 0.363505
0.9519684905596268 1.1065973957173216 129765000 13608300000 0.336201 0.353164
1.0319805199985959 1.212821136512352 153050000 12074100000 0.323368 0.313347
0.843167691221722 1.2734234687882908 237805000 11245100000 0.246065 0.291834
0.7794328503797254 1.745437186239182 255532000 10430500000 0.212549 0.272697
1.0214843148215802 1.1305679844676106 86555600 8689830000 0.23207 0.227189
1.2007693805999222 1.2777459644344018 160620000 7854880000 0.24659 0.20536
0.8842892274033016 1.1560606650951666 92808700 8881150000 0.205324 0.232191
1.0782903606138468 1.1844252682602663 122253000 8142790000 0.229554 0.212887
1.1090446909822387 1.3375550323767866 253935000 9374260000 0.271808 0.245083
0.910279522786983 1.2196144145742962 166168000 12525200000 0.29589 0.325054
0.9395720487111521 1.278872676246154 265699000 13039500000 0.317954 0.338403
1.069996439775919 1.218529254032855 237792000 12663000000 0.351634 0.328631
0.9238803740400222 1.2322328126698798 237644000 15128200000 0.364869 0.394931
1.2966266899905121 1.2966266899905121 440882000 10335800000 0.349861 0.269824
1.0234409491632548 1.0582424971352267 69732000 8242620000 0.220223 0.215179
1.1275333771065879 1.1577542766211377 123635000 7000780000 0.206068 0.18276
1.1741328066333905 1.2867941904414726 138792000 6014860000 0.186066 0.158471
1.3996045756249118 1.7585359535176344 402611000 5375270000 0.198212 0.14162
1.0895011184963985 1.1360926478930524 88394200 3546160000 0.101791 0.093429
1.2923585863548523 1.4422178364792606 153374000 2313340000 0.078914 0.061062
0.9864948944113018 1.0971997633602841 33814700 2070240000 0.053908 0.054646
1.3677494199535962 1.3806211210677775 588819000 9330770000 0.333657 0.243946
0.9804300073221062 1.1199727629403053 155454000 11604300000 0.29458 0.30046
0.9804610120655501 1.0625228390723822 78433500 11581200000 0.294003 0.299862
0.9828085865735553 1.0699419809663144 145839000 10994700000 0.279783 0.284677
0.9873107923850948 1.047603223685131 102482000 11115900000 0.286019 0.289695
1.0513172348667348 1.0718682582502617 114566000 9943590000 0.272759 0.259445
1.0485771580983596 1.0890523394131641 111937000 9728120000 0.266153 0.253823
0.9319544493810119 1.157991098859126 191548000 10662200000 0.259266 0.278196
1.0228428330754162 1.048863834485965 121948000 10045800000 0.268351 0.262358
1.0425773918310286 1.0565065499066848 164955000 10873600000 0.296068 0.283977
0.912954411732995 1.1556552215334928 358493000 12429900000 0.296366 0.324623
1.0747687408890292 1.0852644721215627 177221000 11400100000 0.319978 0.297718
0.96012753526202 1.0761167291490863 158845000 11901600000 0.298423 0.310816
0.9964585557254552 1.1105667351783695 186951000 10617700000 0.276306 0.277288
0.946023203179299 1.0632081006908298 89745300 10743200000 0.265421 0.280565
0.9882357363000827 1.0263802136957467 67764500 10187800000 0.26293 0.26606
1.0183884004923909 1.0509632616487454 126278000 10545100000 0.280455 0.275391
0.9280985373364126 1.157814423028997 280100000 11440300000 0.277288 0.29877
0.9746920310287354 1.06731117469909 313710000 12222100000 0.31111 0.319188
0.9932040842186698 1.0491666066362744 194551000 11482700000 0.297848 0.299886
1.1103136956953257 1.1702102727238262 793610000 11188200000 0.324427 0.292194
1.0616035958744428 1.0920106534680358 232512000 10265000000 0.2846 0.268085
1.0100010405706952 1.0546852714652466 88152400 9935290000 0.262068 0.259473
1.0474902472698 1.1696491667996445 431096000 10188000000 0.278447 0.265823
0.9300155634898838 1.1447170634728216 149942000 10466000000 0.253964 0.273075
0.9127660021133216 1.1206457291985774 156721000 10953900000 0.260874 0.285806
1.031242212586596 1.080049630843471 103152000 10848900000 0.289678 0.280902
0.9677581726910363 1.0662050041991253 132720000 11355900000 0.284548 0.294028
1.003441850488964 1.1326154012663023 153488000 11524200000 0.299413 0.298386
0.9094936234620629 1.1551339823191498 293677000 12885900000 0.303448 0.333645
0.9691426832283959 1.0398749239028169 53611000 10065100000 0.254744 0.262855
1.0037918425188337 1.0261591294892554 60367800 9916580000 0.259959 0.258977
1.0054796668299852 1.0292517943171764 73292100 9769110000 0.256523 0.255125
0.9396605168368268 1.0692321216281835 88408000 9758870000 0.23948 0.254858
0.9853599230002871 1.06462710354046 82755000 9070620000 0.233416 0.236884
0.9419799913448564 1.2083320952069652 271415000 7520990000 0.185019 0.196415
0.9754023111335629 1.1918472049111228 216750000 7883170000 0.200809 0.205873
0.8932483662868632 1.1439043071362751 131779000 7312750000 0.170589 0.190976
1.1847734871391844 1.2699593424076367 312685000 5749320000 0.177889 0.150146
0.8933145179259196 1.1918287101423624 147778000 7217840000 0.168388 0.188498
0.963986696932904 1.053065191222432 104722000 7253530000 0.182608 0.18943
1.0076975533145975 1.0815962102987462 195682000 7411980000 0.195058 0.193568
0.9262741834824215 1.1350848365989976 166807000 7370540000 0.178104 0.19228
0.9899948633068889 1.0268752180486105 34575100 6716190000 0.173457 0.17521
1.028162790979191 1.1034957388647693 80897000 6333340000 0.169871 0.165218
1.0141532868827627 1.0464994259330131 57273800 6326860000 0.167386 0.16505
0.9739695800441314 1.038496227771887 40621700 6497250000 0.165082 0.169494
0.9580049765892467 1.0733430754148092 74649800 6639700000 0.165937 0.173211
0.9788266828845267 1.0698686856737254 76584600 6807110000 0.173822 0.177582
0.9847316890536929 1.0286775357547344 56632800 7466020000 0.192002 0.194979
1.0612182161521233 1.074743589037019 83913800 6975460000 0.19332 0.182168
1.1075068963691865 1.1502522090652165 183292000 6510190000 0.188295 0.170017
1.0503706837055014 1.1798018871335094 295841000 6879740000 0.188718 0.179668
0.8735898041066793 1.4408866995073892 257944000 6489640000 0.148056 0.16948
0.9499549345430462 1.0970011288712922 97037600 7689650000 0.190769 0.200819
1.1148546672602309 1.1622018265768055 153023000 7053180000 0.205354 0.184198
0.8679779721190942 1.262374742473762 119367000 8962770000 0.203165 0.234067
0.9849545968357519 1.0810392796107662 124578000 9180000000 0.236134 0.239741
0.9932403441846678 1.0151794491182495 43845800 9816910000 0.254641 0.256374
0.9802494602468433 1.0309410465157418 56008900 9949670000 0.254709 0.259841
1.0193979065820078 1.0358924700331547 54095000 9745600000 0.259449 0.254512
1.0537363709946197 1.073487274565987 119957000 6440860000 0.177053 0.168024
1.0080476624831136 1.0246840971292144 31479000 6639970000 0.174612 0.173218
1.0625312742645157 1.0841302729313718 114270000 6666640000 0.184737 0.173865
0.9961327872866079 1.0238844627121984 58052100 6891020000 0.179021 0.179716
0.9502407454538844 1.0680123346749415 97805400 7382220000 0.182947 0.192527
0.995182461495768 1.0281713928625715 54059700 6910180000 0.179307 0.180175
0.9685787547898239 1.0708501152959262 110199000 6655930000 0.168092 0.173545
0.9495317745450262 1.0729632719092035 100614000 6510400000 0.161221 0.16979
0.9795443661490045 1.032660077352815 56084300 6165190000 0.157498 0.160787
0.971821275688956 1.0659400544959128 87062100 6117890000 0.155057 0.159553
1.211527050059971 1.3282275145942037 447089000 6074040000 0.191918 0.15841
1.0242336723557701 1.3530582930288373 1770400000 9240380000 0.246827 0.240987
1.002891344383057 1.1436396055599884 504484000 8328300000 0.217828 0.2172
0.9547449169163331 1.0753602371065716 193971000 8152540000 0.202995 0.212617
0.9756189013775187 1.0514690482949918 269770000 8590000000 0.218564 0.224026
1.1233619560727375 1.1555108960767042 432574000 8725450000 0.25563 0.227558
1.0417369135244048 1.0566913130644302 181186000 8392340000 0.228006 0.218871
1.1036401622219492 1.201668277300239 542468000 7800090000 0.224508 0.203425
0.9739800967670991 1.0892052262223997 184121000 8368790000 0.212577 0.218256
0.8676036470117406 1.3587038858019318 1342360000 9676890000 0.218958 0.252371
1.2272902123905607 1.4850393333449965 1450040000 7475950000 0.239286 0.194971
1.02695236431626 1.0506608790865006 68542800 5926770000 0.158735 0.154569
1.0112400313142436 1.0944071820552406 146539000 6024470000 0.158883 0.157117
0.9949949763703345 1.0564319635240094 107920000 6182490000 0.160431 0.161238
1.0095916282605597 1.0893283884590022 84388300 6457680000 0.169991 0.168376
0.9700481528392321 1.054011152030108 65229300 6873590000 0.173853 0.179221
0.9848827306079665 1.0193708232183232 48162800 7023380000 0.180399 0.183168
1.0722931815904053 1.089104528621132 180028000 6886620000 0.192586 0.179602
0.9732791076494891 1.0509600772055152 74161600 7108860000 0.180444 0.185398
0.9953481710635618 1.022232673727239 45170000 6693120000 0.173743 0.174555
0.9751142054063797 1.046830752019019 53441400 6805300000 0.173113 0.177531
0.9713685922369949 1.050563295370192 283576000 9808460000 0.248479 0.255803
1.0069621395156427 1.0813172842103338 186526000 8712840000 0.228811 0.227229
1.0491394861293941 1.1495121746078472 242636000 7864700000 0.215189 0.20511
0.9878877295898084 1.0345691154641241 103080000 8680360000 0.22364 0.226382
0.9938568717373504 1.0266333971268684 51185500 8101800000 0.209995 0.211293
1.0090723861599054 1.0461319781510128 138339000 8148560000 0.214441 0.212513
0.9577732194819444 1.0687892180100826 105471000 8038030000 0.200778 0.20963
1.0989062926045992 1.2530982361084433 289414000 6328090000 0.181358 0.165035
1.0000896976628153 1.0590818456644662 49161100 6839640000 0.178393 0.178377
0.969560476032431 1.051540251690251 54046100 7278390000 0.184041 0.189819
0.9490167476143904 1.0640439853226447 43583200 6939500000 0.171754 0.180981
1.0260193457960098 1.0416552496108484 32476700 6647700000 0.177882 0.173371
1.0340020168756658 1.0498802439707555 35622600 6730080000 0.181487 0.175519
1.097152139538147 1.1220380555165372 249934000 7105010000 0.203299 0.185297
0.9872568266999822 1.0482497382087064 72291200 7519420000 0.193606 0.196105
1.0191152798415057 1.0327085174447148 54729300 7431970000 0.197529 0.193824
0.9683951178085439 1.062332761936617 117962000 7765860000 0.196131 0.202532
1.022811703156599 1.0619818419079878 70000700 6977340000 0.186119 0.181968
0.9865974463308544 1.0274107886199868 20566500 6831900000 0.175787 0.178175
1.0113250217116345 1.0388620777241555 37244700 6578530000 0.17351 0.171567
0.9911164335093352 1.032695069676654 34521600 7044160000 0.182078 0.18371
1.0642648436141753 1.0656725123241115 88397900 6837060000 0.189768 0.178309
0.9843726810498832 1.0878690960592992 84495200 6975690000 0.179082 0.181925
0.8190862508544259 1.2305152679893034 152533000 7685140000 0.164167 0.200427
0.9741366471190542 1.0626902624176333 94519500 8238550000 0.209303 0.21486
1.0163401811016861 1.0957668075200526 117091000 8037080000 0.213031 0.209606
0.94590255573195 1.0883296215969684 151329000 8574260000 0.211518 0.223615
1.0522677261329325 1.056120667582226 163297000 8242060000 0.226186 0.214951
0.8959135592553578 1.167488262910798 239613000 8772340000 0.204968 0.228781
0.9090467940388535 1.1465096843516673 329928000 9560940000 0.226669 0.249348
1.045086073412879 1.0561502778202578 51345500 7577590000 0.206532 0.197622
1.0005363935652456 1.030584209731797 48703100 7791820000 0.203318 0.203209
1.099418785340217 1.118005594133118 404299000 8266280000 0.237016 0.215583
1.0198621149497997 1.025090158387514 77950200 9030320000 0.23861 0.233963
0.9033821450864191 1.1594143825645717 610110000 10759300000 0.251825 0.278758
1.0145055973728025 1.0338235294117648 161206000 10061500000 0.264439 0.260658
1.049153190889502 1.106264155366794 398689000 9583920000 0.260489 0.248285
1.0250294132493585 1.077780186951913 280211000 9923310000 0.263983 0.257537
0.9061531132613296 1.1803542673107892 411265000 9867860000 0.232064 0.256098
0.9858909677448918 1.1126792340519496 304542000 8408710000 0.21515 0.218229
1.0039345541393698 1.0578112703836153 116807000 8098920000 0.211016 0.210189
0.9676861388473936 1.0691557130798146 99914800 7841330000 0.196928 0.203504
0.987885840096952 1.0318825785543326 75017500 7980370000 0.204604 0.207113
0.9956645128346132 1.0134855851435538 29623000 7847650000 0.202785 0.203668
1.007086880084228 1.0256603773584905 62511100 7758640000 0.202785 0.201358
0.9908747313554507 1.016546859488878 43875700 7798990000 0.200558 0.202405
0.9982026433453485 1.0108395313598686 34835100 7824820000 0.202711 0.203076
0.9962634259990523 1.010302828685061 26864900 7806200000 0.201835 0.202592
0.9960086869754066 1.017906839040758 38193100 7877530000 0.203628 0.204444
1.0566404352472554 1.1420440524008295 220081000 7535480000 0.206644 0.195567
0.9678561609419885 1.0556939448590588 75849500 8128520000 0.204177 0.210958
0.978906111973815 1.0721806528258142 182704000 8287600000 0.210549 0.215086
0.9450903051691923 1.1490121342243023 354225000 8909100000 0.21852 0.231216
0.9728383437236604 1.1700694751214809 963158000 10148700000 0.256232 0.263386
0.9853340991767183 1.0404204881081922 211160000 10062500000 0.25732 0.26115
0.9372486285399515 1.0767026013026642 245004000 10230900000 0.248414 0.265046
1.0312785523583505 1.1051730357016996 384049000 9758310000 0.260733 0.252825
1.1746953573466716 1.1785527844669352 529838000 9198180000 0.279944 0.238312
0.9844905479417481 1.038071707210544 167492000 9115310000 0.234039 0.237726
1.0568650414825458 1.0709460293021855 123573000 7792170000 0.214774 0.203218
0.9834964600610451 1.0356591323880386 77412300 7901790000 0.202676 0.206077
0.9694227628878335 1.04074106594082 67921000 7715840000 0.194124 0.200247
1.009349918770156 1.1303636579949239 373402000 7945410000 0.208133 0.206205
0.9940031681375877 1.019923725990344 46959000 7832450000 0.202055 0.203274
1.0256017708175893 1.036263714714332 114073000 7902920000 0.210354 0.205103
0.9980588405358151 1.0322293894799548 147917000 8396440000 0.217488 0.217911
1.0217627750694351 1.0437897585406335 134503000 7935490000 0.21043 0.205948
1.0302321341759844 1.0335517786240986 132567000 7608890000 0.203442 0.197472
1.0192354633214797 1.0242576589220314 100294000 8069730000 0.212956 0.208937
1.0080660948177678 1.086874015426312 397071000 8681190000 0.226581 0.224768
1.0126062943806433 1.0450988112565642 193808000 8811410000 0.231016 0.22814
0.9802208607518342 1.060625 217851000 9191390000 0.233271 0.237978
1.0142725039855056 1.0539055388868288 240685000 9230520000 0.242402 0.238991
1.0336434895854663 1.0497405412506569 212593000 9430850000 0.252393 0.244178
1.0226415094339623 1.0277252169562778 196735000 9590240000 0.253927 0.248305
0.8160152014153969 1.2441762840995951 541178000 11504500000 0.243064 0.297867
1.018037357009816 1.139111269850949 270907000 9517940000 0.250878 0.246433
1.1775922405003993 1.1881064656788274 720743000 9811650000 0.299152 0.254037
0.9838047715824351 1.0173981954149218 133297000 9768270000 0.248818 0.252914
1.0073748924237496 1.0292214192541764 211486000 9379600000 0.244642 0.242851
1.026723463519055 1.0367213763951841 167078000 8985300000 0.238859 0.232642
1.032087526368572 1.0541883014243212 214663000 8934850000 0.238759 0.231336
1.0091813177839477 1.0359713847634207 144298000 8749900000 0.228627 0.226547
1.0679598410571112 1.2986473120642943 1022580000 8213360000 0.227107 0.212655
1.0301749321235867 1.049165598809892 127361000 7866670000 0.209825 0.203679
0.9387528899121846 1.075874281561398 251175000 8099860000 0.197339 0.210214
0.9460587566893922 1.067270778524798 141033000 8409740000 0.206483 0.218256
1.0320968316126735 1.0643948860905508 156959000 8117620000 0.217437 0.210675
1.0199190956938509 1.0360061565959982 102233000 7782080000 0.20599 0.201967
0.9791765785768178 1.0313951705065476 74013200 8017770000 0.20375 0.208083
1.0578891652449176 1.1525065963060686 197770000 7498090000 0.205861 0.194596
1.0213579280373235 1.0809812978725182 182992000 9669290000 0.255699 0.250352
0.9883692717097797 1.063385490983908 134710000 9869310000 0.252558 0.25553
0.970437464017855 1.035696518427298 174591000 9815990000 0.246101 0.253598
0.9578717495690452 1.0561127676877202 275205000 9011630000 0.222823 0.232623
0.9704396380104854 1.0650260545750667 205289000 9768540000 0.244708 0.252162
1.0638996677572345 1.0719792709199163 176101000 9164670000 0.251691 0.236574
1.2639573478154709 1.4980231161288067 2738760000 14437600000 0.471063 0.372689
0.877484450427033 1.2937124876522637 3194210000 33383900000 0.756181 0.86176
0.9658425327366151 1.0639674190093744 805200000 29214200000 0.728366 0.754125
1.0177632687501528 1.1411505383733038 1449670000 30117600000 0.791257 0.777447
1.5207376216430355 1.584634160367533 3626110000 30314000000 1.19 0.782515
1.0 1.1203703703703702 1497590000 45167600000 1.17 1.17
1.0666666666666667 1.13 686014000 40506000000 1.12 1.05
1.1864406779661016 1.2457627118644068 2854260000 45875700000 1.4 1.18
1.5347222222222223 1.576388888888889 7545740000 55767500000 2.21 1.44
1.0952380952380951 1.2780748663101604 4642080000 81162600000 2.3 2.1
0.9818181818181818 1.3970588235294117 8108390000 85187400000 2.16 2.2
1.0287769784172662 1.1904761904761905 2843300000 53998200000 1.43 1.39
1.0624999999999998 1.091743119266055 938847000 43455400000 1.19 1.12
0.8813559322033899 1.2949586600909104 754959000 45541100000 1.04 1.18
0.9743589743589743 1.862315505935793 4644700000 45189500000 1.14 1.17
0.9857629409620019 1.0794729620098693 1007420000 30494300000 0.775964 0.787171
1.0691875127054156 1.1489737031841385 1342720000 28203500000 0.778407 0.728036
1.0041681392150557 1.1001204044402677 1334770000 29267100000 0.758642 0.755493
1.8363256616409716 1.9130898089841146 6358700000 18232500000 0.864263 0.470648
1.4807895091533274 1.7297588071453334 1555040000 9772240000 0.373541 0.252258
0.9665442194601462 1.0708404563374385 198174000 9512330000 0.237333 0.245548
1.1273900445366578 1.2543345576320621 660172000 8663460000 0.252125 0.223636
0.9475502819702057 1.0788743402622265 274526000 9507190000 0.232544 0.245416
1.0025779004345263 1.033184981388574 104650000 9768480000 0.253571 0.252919
0.9993585130018462 1.033745952240425 118250000 9874190000 0.255492 0.255656
1.039130434782609 1.1116279069767443 1894230000 88945900000 2.39 2.3
1.0464135021097045 1.1066666666666667 3171010000 91791800000 2.48 2.37
