DOGE
1.0224215246636772 1.0316742081447965 136829 24026000 0.000228 0.000223
1.0133928571428572 1.027027027027027 132352 24049700 0.000227 0.000224
0.9828326180257512 1.16289592760181 99473 25089500 0.000229 0.000233
0.9954954954954955 1.0555555555555556 315096 23845200 0.000221 0.000222
1.0361990950226245 1.0648148148148149 160173 23819300 0.000229 0.000221
0.9111111111111111 1.13 4582 24206100 0.000205 0.000225
1.0048076923076925 1.0544554455445545 10893 22394500 0.000209 0.000208
0.9951690821256038 1.0396039603960396 77839 22264100 0.000206 0.000207
1.038647342995169 1.0841584158415842 161002 22269400 0.000215 0.000207
1.0242718446601942 1.029126213592233 6443 22162400 0.000211 0.000206
1.0097087378640777 1.0490196078431373 131115 22171400 0.000208 0.000206
1.0146341463414634 1.0295566502463054 60873 22104300 0.000208 0.000205
1.0049261083743841 1.025 71636 21874100 0.000204 0.000203
0.9807692307692308 1.0294117647058825 114996 22445100 0.000204 0.000208
0.9760765550239234 1.0343137254901962 88538 22555000 0.000204 0.000209
0.9903846153846154 1.0591133004926108 122078 22496400 0.000206 0.000208
1.0196078431372548 1.0344827586206897 60616 21996900 0.000208 0.000204
1.0 1.0344827586206897 5408 22554000 0.000209 0.000209
1.0196078431372548 1.044776119402985 93096 21979000 0.000208 0.000204
0.9711538461538463 1.045 59545 22428500 0.000202 0.000208
0.9951923076923077 1.0394088669950738 72923 22461600 0.000207 0.000208
1.0 1.0341463414634147 7204 22531500 0.000209 0.000209
0.9674418604651163 1.053658536585366 98052 23216200 0.000208 0.000215
1.0048543689320388 1.0443349753694582 103512 22207000 0.000207 0.000206
1.0 1.029126213592233 71388 22506100 0.000209 0.000209
1.024630541871921 1.0871794871794873 263155 21909400 0.000208 0.000203
0.9868995633187773 1.05 204249 24646600 0.000226 0.000229
0.9866071428571429 1.0502283105022832 132159 24134500 0.000221 0.000224
0.9649122807017544 1.0779816513761467 305084 24493200 0.00022 0.000228
1.039647577092511 1.0622222222222224 442095 24417800 0.000236 0.000227
0.9912280701754385 1.0360360360360361 19552 24560200 0.000226 0.000228
0.990521327014218 1.0388349514563107 83192 22754900 0.000209 0.000211
1.0094786729857819 1.0338164251207729 112018 22790800 0.000213 0.000211
1.0 1.0338164251207729 99078 22840200 0.000211 0.000211
0.981132075471698 1.0338164251207729 110704 22880800 0.000208 0.000212
0.9807692307692308 1.0746268656716418 200542 22436400 0.000204 0.000208
1.0096153846153848 1.0591133004926108 94779 22505900 0.00021 0.000208
0.9904761904761904 1.0343137254901962 128635 22754200 0.000208 0.00021
1.0048076923076925 1.0443349753694582 154245 22516800 0.000209 0.000208
1.0096618357487923 1.0544554455445545 153199 22420700 0.000209 0.000207
1.0558375634517767 1.0714285714285714 74856 21283200 0.000208 0.000197
0.9904761904761904 1.0445544554455446 102673 22741500 0.000208 0.00021
1.0297029702970297 1.0505050505050506 110405 21831400 0.000208 0.000202
0.9803921568627452 1.045 64485 22092400 0.0002 0.000204
1.0097087378640777 1.0346534653465347 115816 22342300 0.000208 0.000206
1.0049019607843137 1.0552763819095476 90932 22134400 0.000205 0.000204
1.015 1.0452261306532662 55007 21666300 0.000203 0.0002
1.0 1.0445544554455446 118202 22484400 0.000208 0.000208
0.9711538461538463 1.0659898477157361 10861 22564000 0.000202 0.000208
0.9951923076923077 1.0245098039215688 89141 22491300 0.000207 0.000208
0.9425837320574162 1.0714285714285714 158688 22566400 0.000197 0.000209
0.9904306220095693 1.0495049504950495 135279 22635500 0.000207 0.000209
1.0048076923076925 1.0390243902439025 129514 22473400 0.000209 0.000208
0.9904761904761904 1.0292682926829269 96618 22688800 0.000208 0.00021
1.0196078431372548 1.0398009950248757 94677 22007800 0.000208 0.000204
0.9952830188679246 1.0483091787439613 162662 22855700 0.000211 0.000212
1.019047619047619 1.0384615384615385 90884 22728300 0.000214 0.00021
0.9906103286384976 1.0388349514563107 113546 23012200 0.000211 0.000213
0.9952830188679246 1.038647342995169 76734 22879700 0.000211 0.000212
0.9854368932038835 1.0398009950248757 13687 22279600 0.000203 0.000206
1.0292682926829269 1.0544554455445545 146345 22232700 0.000211 0.000205
1.0098039215686274 1.0445544554455446 6949 22162200 0.000206 0.000204
1.0145631067961165 1.048780487804878 169049 22346300 0.000209 0.000206
1.0193236714975846 1.0495049504950495 110162 22451000 0.000211 0.000207
1.0292682926829269 1.065 142059 22209200 0.000211 0.000205
1.0881057268722467 1.1704035874439462 998448 24592300 0.000247 0.000227
1.0210084033613445 1.0606060606060606 395931 25820600 0.000243 0.000238
0.948936170212766 1.0779816513761467 393182 25505900 0.000223 0.000235
1.0730593607305936 1.1162790697674418 335532 23804000 0.000235 0.000219
1.0837004405286346 1.092511013215859 243988 24666900 0.000246 0.000227
1.01255230125523 1.0425531914893618 195765 25981500 0.000242 0.000239
1.1287878787878787 1.192 1274960 28726800 0.000298 0.000264
0.9136690647482015 1.1890756302521008 1082440 30181600 0.000254 0.000278
0.974910394265233 1.0643939393939392 399763 30343700 0.000272 0.000279
1.0789473684210527 1.2040133779264215 2525700 33095800 0.000328 0.000304
1.0935251798561152 1.241509433962264 1673200 30229500 0.000304 0.000278
1.105263157894737 1.1673469387755102 708276 26824700 0.000273 0.000247
0.912751677852349 1.1402214022140222 1203110 32354300 0.000272 0.000298
1.090909090909091 1.297872340425532 1776640 26269700 0.000264 0.000242
0.9918367346938776 1.0510638297872341 344528 26640300 0.000243 0.000245
1.004255319148936 1.0575221238938053 339899 25573500 0.000236 0.000235
0.9820627802690584 1.1014492753623188 474001 24241700 0.000219 0.000223
0.975103734439834 1.0701754385964912 44848 26181600 0.000235 0.000241
0.9875518672199171 1.0466101694915253 350586 26182600 0.000238 0.000241
1.080188679245283 1.106280193236715 320578 22957500 0.000229 0.000212
0.966824644549763 1.1010101010101012 327829 22864300 0.000204 0.000211
0.9952153110047846 1.06 242738 22643100 0.000208 0.000209
1.0 1.0390243902439025 111585 22762600 0.00021 0.00021
0.971563981042654 1.1128205128205129 94177 22878400 0.000205 0.000211
1.0048780487804878 1.0396039603960396 203994 22238800 0.000206 0.000205
1.006006006006006 1.1009463722397477 1030280 36208400 0.000335 0.000333
0.8714285714285716 1.562962962962963 8704480 53320000 0.000427 0.00049
1.009132420091324 1.0545023696682463 1696750 47651800 0.000442 0.000438
0.8728070175438597 1.1834625322997416 2669470 49634000 0.000398 0.000456
0.8860465116279069 1.1524064171122996 1720980 46844000 0.000381 0.00043
0.9848484848484849 1.0498687664041995 694146 43149100 0.00039 0.000396
1.0240963855421685 1.078817733990148 1421850 45210200 0.000425 0.000415
0.983529411764706 1.0533980582524272 892718 46292800 0.000418 0.000425
1.0132450331125828 1.0738255033557047 1791470 49408700 0.000459 0.000453
0.9824561403508771 1.0407239819004526 94079 49657500 0.000448 0.000456
1.025 1.04337899543379 692528 48022200 0.000451 0.00044
1.1153846153846154 1.1663066954643628 3778280 51021700 0.000522 0.000468
1.031311154598826 1.0684931506849318 1498410 55755400 0.000527 0.000511
1.151183970856102 1.2330275229357797 4707330 59886000 0.000632 0.000549
1.08100147275405 1.1354933726067746 5870990 74145500 0.000734 0.000679
1.0135869565217392 1.0605226960110041 3614180 80307300 0.000746 0.000736
1.0848 1.1426256077795784 4437500 68183600 0.000678 0.000625
1.0187265917602997 1.047438330170778 1349140 58215800 0.000544 0.000534
0.979087452471483 1.06425702811245 1427570 57331500 0.000515 0.000526
1.0175438596491229 1.0657596371882085 853796 49771600 0.000464 0.000456
0.9888392857142857 1.1027397260273972 1828250 48850300 0.000443 0.000448
0.9849785407725322 1.0711009174311927 1308510 50788400 0.000459 0.000466
1.0887290167865706 1.1105769230769231 1835340 45481800 0.000454 0.000417
0.988399071925754 1.0807600950118765 1462360 47004900 0.000426 0.000431
1.0670103092783505 1.0723514211886305 940905 42298500 0.000414 0.000388
1.0498687664041995 1.0869565217391304 1181340 41439300 0.0004 0.000381
1.0854271356783918 1.0879396984924623 1249660 43374600 0.000432 0.000398
1.0297482837528604 1.1169724770642202 2738610 47611700 0.00045 0.000437
1.0 1.198044009779951 3070990 47001200 0.000432 0.000432
1.4553571428571428 1.6067073170731707 4276890 36569400 0.000489 0.000336
0.9195710455764075 1.1990595611285266 5565600 81468000 0.000686 0.000746
1.1096563011456628 1.1759729272419626 4436450 66702500 0.000678 0.000611
1.1382113821138211 1.266304347826087 9754900 80558300 0.00084 0.000738
1.1096938775510203 1.2359550561797752 34856400 128440000 0.001305 0.001176
0.8092749836708034 1.3830171635049686 18473100 167293000 0.001239 0.001531
0.9805825242718447 1.1129893238434163 7417150 135097000 0.001212 0.001236
0.9966329966329965 1.0792520035618878 5599360 129896000 0.001184 0.001188
0.8847058823529412 1.163023679417122 5239470 139473000 0.001128 0.001275
1.2340823970037453 1.307116104868914 19914100 116789000 0.001318 0.001068
1.003968253968254 1.1193820224719102 15752100 165437000 0.001518 0.001512
1.6031413612565446 1.6031413612565446 105483000 209088000 0.003062 0.00191
1.0579150579150578 1.28992 69025700 368587000 0.003562 0.003367
0.8087520259319287 1.2707976720301266 47384900 405386000 0.002994 0.003702
1.0465403624382206 1.5123529411764707 51605800 265906000 0.002541 0.002428
1.0798418972332016 1.1714050267820355 19870300 277206000 0.002732 0.00253
1.0068207654414552 1.145066889632107 19840600 289240000 0.002657 0.002639
0.9594001463057791 1.1649805447470818 22734100 299563000 0.002623 0.002734
0.9984514130855595 1.2404513888888888 34751700 282965000 0.002579 0.002583
0.8216949152542373 1.4235447437011295 32173900 323102000 0.002424 0.00295
1.0327406152977703 1.1475595913734393 55427800 387970000 0.003659 0.003543
1.1001615508885298 1.5142742259750703 122287000 338842000 0.003405 0.003095
1.257445400397088 1.2997293640054128 23947700 165349000 0.0019 0.001511
1.1441578148710168 1.2767441860465116 30426900 144198000 0.001508 0.001318
0.9430097951914514 1.1306532663316582 7799600 122785000 0.001059 0.001123
1.0634390651085142 1.0723905723905722 4752270 130990000 0.001274 0.001198
0.9736625514403293 1.0685279187817258 6218670 132851000 0.001183 0.001215
0.9888268156424582 1.1516666666666668 9734520 136962000 0.001239 0.001253
1.1393258426966293 1.2193755004003204 23381600 145861000 0.001521 0.001335
1.3966547192353644 1.444993819530284 14651900 91395400 0.001169 0.000837
1.0845481049562682 1.1303703703703702 4638240 74923900 0.000744 0.000686
0.8853410740203193 1.2146596858638743 5211860 75180000 0.00061 0.000689
1.075797373358349 1.0934086629001885 23980700 292109000 0.002867 0.002665
1.0757776307081404 1.1993603411513858 40595200 331309000 0.003251 0.003022
1.2137261046693828 1.2309876932786368 53883800 349963000 0.003873 0.003191
0.8772582359192348 1.1553603876438523 29591900 412874000 0.003302 0.003764
0.9656040268456375 1.0602691632533645 25259700 392350000 0.003453 0.003576
1.0889023283943151 1.1584249084249085 40179500 362883000 0.003601 0.003307
1.0193846153846153 1.056 15386000 356729000 0.003313 0.00325
0.9816129032258065 1.1251808972503619 15751600 340402000 0.003043 0.0031
1.0596491228070175 1.079425837320574 16275900 344327000 0.003322 0.003135
0.9757688723205965 1.035657433938236 12364900 353665000 0.003141 0.003219
0.970798384591488 1.0636510500807754 14635800 353662000 0.003125 0.003219
1.0135440180586908 1.0473061760840998 9479750 340788000 0.003143 0.003101
0.9463087248322148 1.1959624086320917 25808000 344008000 0.002961 0.003129
0.9538181818181818 1.2320712694877505 16548800 302422000 0.002623 0.00275
0.9529960531036957 1.0723355136590995 6596660 306604000 0.002656 0.002787
0.9804069329314243 1.0307574009996154 4828560 291970000 0.002602 0.002654
1.0595599393019728 1.117181314330958 9713640 289857000 0.002793 0.002636
0.929682217714672 1.2417313189056758 19984800 325221000 0.00275 0.002958
0.9987257088244665 1.055430951618071 12055500 345058000 0.003135 0.003139
0.9929622520793346 1.031188443860801 9515860 343493000 0.003104 0.003126
1.020291693088142 1.0431609013011742 15050400 346509000 0.003218 0.003154
0.9685157421289355 1.052034058656575 9348420 366286000 0.00323 0.003335
1.0394347683207361 1.0882253138785205 13983500 334129000 0.003163 0.003043
0.9355521936459908 1.1222185320491531 14116100 362873000 0.003092 0.003305
0.9028587288370802 1.1380290587492103 20308300 395498000 0.003253 0.003603
0.9658892128279883 1.058019441069259 22219500 376324000 0.003313 0.00343
1.0899664531869473 1.160258481421648 30213200 359746000 0.003574 0.003279
0.9694221300855144 1.137221752606368 44359200 423202000 0.003741 0.003859
0.9695028972247637 1.1383914034516445 47092000 359497000 0.003179 0.003279
1.0514246004169563 1.0850244926522044 34663300 315459000 0.003026 0.002878
1.0169165705497887 1.196443341604632 5623250 286202000 0.002645 0.002601
1.0267531414673694 1.0860125260960334 7488410 271502000 0.002533 0.002467
1.0838658146964855 1.1675608749484112 17293700 275630000 0.002714 0.002504
0.9117535184480791 1.1009212730318259 7367710 289483000 0.002397 0.002629
0.9541359541359541 1.0713671539122958 4122620 268949000 0.00233 0.002442
0.9095092024539878 1.1515837104072397 9803180 215422000 0.001779 0.001956
0.9310520939734422 1.155056179775281 6931840 215799000 0.001823 0.001958
0.8859701492537314 1.134055517941774 3788270 184626000 0.001484 0.001675
1.1665387567152725 1.192632386799693 4765630 143649000 0.00152 0.001303
0.9032085561497326 1.147006520450504 8549310 206152000 0.001689 0.00187
0.9907881269191402 1.065858798735511 6889580 215575000 0.001936 0.001954
0.9403910348116357 1.1609317098994176 10407100 231318000 0.001972 0.002097
0.8878317476214321 1.1755725190839694 4078660 220428000 0.001773 0.001997
1.025414364640884 1.0528683914510686 3369400 199824000 0.001856 0.00181
0.9977426636568849 1.0673886883273165 2728040 195680000 0.001768 0.001772
1.0029188558085231 1.0588235294117647 3841680 189192000 0.001718 0.001713
0.9706380575945793 1.0484920165582496 2110290 195548000 0.001719 0.001771
0.9606469002695417 1.0685322672758424 4510970 204834000 0.001782 0.001855
1.0214446952595937 1.0934297769740808 3897040 195612000 0.00181 0.001772
1.0035478966041562 1.051255230125523 3671250 217717000 0.00198 0.001973
1.0821280991735538 1.0942217595002603 6184110 213547000 0.002095 0.001936
1.142266824085006 1.1865407319952774 7934090 186769000 0.001935 0.001694
1.2239001969796455 1.2869802317655077 10344200 167900000 0.001864 0.001523
0.8807277628032345 1.1906249999999998 4390690 163536000 0.001307 0.001484
0.920591456736035 1.1341911764705883 3700410 201256000 0.001681 0.001826
1.1017623649801025 1.1577060931899643 9627830 193756000 0.001938 0.001759
0.834901625320787 1.2723860589812335 7350820 257476000 0.001952 0.002338
1.022632020117351 1.1176203451407811 8176760 262709000 0.00244 0.002386
0.9723349317594984 1.0841983852364476 10702300 298461000 0.002636 0.002711
0.9964384645825087 1.0406374501992033 5302360 278109000 0.002518 0.002527
0.9404852160727825 1.1739902352418998 6310430 290316000 0.002481 0.002638
1.0424665503199535 1.0980511571254568 4465920 189885000 0.001792 0.001719
1.0056022408963585 1.0272882319499717 3213770 197252000 0.001795 0.001785
1.1485965877820583 1.1568736141906872 8047780 200771000 0.002087 0.001817
1.0156331422615945 1.048884165781084 5318800 212162000 0.001949 0.001919
0.9877613462519123 1.041688654353562 4251240 216828000 0.001937 0.001961
0.9910384818133895 1.0440286186020913 5135210 209736000 0.00188 0.001897
0.9751753912574204 1.0826112073945697 4744330 204951000 0.001807 0.001853
0.9886234357224118 1.1032608695652175 7095620 194475000 0.001738 0.001758
0.9601347557551937 1.1422222222222222 3365590 197062000 0.00171 0.001781
0.9982153480071386 1.0376442015786278 3028000 186102000 0.001678 0.001681
1.011222681630242 1.0413625304136251 3580650 187472000 0.001712 0.001693
1.0099125364431487 1.0529411764705883 5481120 189961000 0.001732 0.001715
0.9900442477876106 1.0385925085130534 2654040 200302000 0.00179 0.001808
0.9887577290612704 1.0223495702005732 2241620 197144000 0.001759 0.001779
1.0246981339187706 1.0718662952646238 6879110 201934000 0.001867 0.001822
0.9814550641940085 1.0659395141298957 12968400 233165000 0.002064 0.002103
1.1305048335123524 1.1838194826637314 17500900 206446000 0.002105 0.001862
1.0345804988662133 1.0422615648201028 3210440 195535000 0.001825 0.001764
0.9949636261891439 1.0357348703170028 1935350 197996000 0.001778 0.001787
1.049104563835933 1.0714285714285714 4796720 191700000 0.001816 0.001731
1.001751313485114 1.0711633663366336 3645340 189739000 0.001716 0.001713
1.0221556886227545 1.0550122249388754 3050890 184872000 0.001707 0.00167
0.9807130333138515 1.0634824667472793 3190510 189431000 0.001678 0.001711
1.0242494226327945 1.0576470588235294 3874060 191631000 0.001774 0.001732
0.9750968456004426 1.0695499707773233 4321530 199947000 0.001762 0.001807
0.9888119339371337 1.0897155361050328 7282380 207562000 0.001856 0.001877
0.9778236204228984 1.0285563194077207 4006990 214427000 0.001896 0.001939
1.0056410256410258 1.0300673924313115 4784700 215522000 0.001961 0.00195
0.9151486097794822 1.125723303524461 6541340 230572000 0.001909 0.002086
1.0144927536231885 1.0353139013452914 3828740 198227000 0.00182 0.001794
0.9988826815642459 1.0441008018327607 4626730 197778000 0.001788 0.00179
1.2320736434108528 1.241093216203026 16681400 228828000 0.002543 0.002064
0.9513919575784358 1.1129186602870813 8700780 250960000 0.002153 0.002263
1.06 1.2616883116883117 11565200 199722000 0.001908 0.0018
0.9558531746031745 1.05 7589980 223683000 0.001927 0.002016
0.9886506935687264 1.0723598435462842 6441030 176045000 0.001568 0.001586
1.0472440944881891 1.0850757029560203 6644960 155068000 0.001463 0.001397
0.9694868238557559 1.0817704426106527 4788820 160088000 0.001398 0.001442
1.0152582159624413 1.5175718849840254 21413000 94627800 0.000865 0.000852
0.9838523644752019 1.1316818774445894 6776550 96331000 0.000853 0.000867
0.9468085106382979 1.131455399061033 5206600 104410000 0.00089 0.00094
0.8882352941176471 1.1739130434782608 3157030 94429700 0.000755 0.00085
1.2373540856031129 1.281578947368421 7670640 85765900 0.000954 0.000771
1.2820224719101125 1.329583802024747 9597030 99009800 0.001141 0.00089
1.0362190812720848 1.069182389937107 5371580 125975000 0.001173 0.001132
0.9791855203619909 1.127872127872128 5674620 123000000 0.001082 0.001105
1.0494958753437214 1.0864312267657992 4092970 121395000 0.001145 0.001091
0.9457092819614711 1.0882079851439184 4485170 127078000 0.00108 0.001142
1.008764241893076 1.1190253045923149 9374910 126878000 0.001151 0.001141
0.948936170212766 1.1195899772209568 4928520 104499000 0.000892 0.00094
1.0131233595800526 1.0997191011235954 3758470 84749600 0.000772 0.000762
0.9784335981838821 1.0724637681159421 4641920 97923500 0.000862 0.000881
1.1101992966002345 1.1469534050179213 7127750 94836200 0.000947 0.000853
1.0224056603773586 1.1899224806201552 13242000 94157100 0.000867 0.000848
0.6170520231213873 1.635831381733021 13435300 153663000 0.000854 0.001384
0.9829351535836178 1.099651567944251 8575960 162702000 0.00144 0.001465
0.8868404322949778 1.2607655502392345 10036300 174632000 0.001395 0.001573
0.8269430051813471 1.2759295499021526 10583000 214193000 0.001596 0.00193
1.0559623430962342 1.0949061662198392 11077100 212082000 0.002019 0.001912
0.8234209313047488 1.2603137710633352 11195900 240619000 0.001786 0.002169
0.8705514274540478 1.2662916080637598 23789600 283530000 0.002226 0.002557
0.9492119089316987 1.0971428571428572 4295630 127055000 0.001084 0.001142
1.0211981566820276 1.110557768924303 2044110 120738000 0.001108 0.001085
0.9852362204724409 1.09805924412666 2656730 113130000 0.001001 0.001016
0.9879518072289156 1.1057786483839374 1488520 120176000 0.001066 0.001079
0.9384469696969695 1.1069574247144343 3065770 117637000 0.000991 0.001056
1.0106280193236716 1.0843373493975905 2390280 115379000 0.001046 0.001035
1.0018796992481203 1.1116803278688525 6885520 118637000 0.001066 0.001064
1.00820419325433 1.1148325358851676 2164040 122254000 0.001106 0.001097
0.9190353143841516 1.1194731890874885 7260740 129452000 0.001067 0.001161
1.0075757575757576 1.0478468899521531 2189610 117821000 0.001064 0.001056
0.9608778625954199 1.113660062565172 3157240 116880000 0.001007 0.001048
0.9941291585127202 1.0980187695516161 3524540 114107000 0.001016 0.001022
0.96 1.0901883052527257 2198320 122793000 0.001056 0.0011
1.0 1.0615234375000002 1414540 117456000 0.001052 0.001052
1.1311475409836067 1.245720040281974 19651600 115860000 0.001173 0.001037
0.983377077865267 1.081374321880651 3075460 127721000 0.001124 0.001143
0.9403594771241829 1.113327289211242 2979150 136755000 0.001151 0.001224
0.9971153846153846 1.1693548387096773 1072410 116187000 0.001037 0.00104
0.9962085308056873 1.0717797443461161 1559670 117793000 0.001051 0.001055
1.0779861796643633 1.1803108808290155 5253740 113083000 0.001092 0.001013
1.0148809523809523 1.1034836065573772 2583310 112508000 0.001023 0.001008
0.9803921568627452 1.0608695652173914 3244930 119506000 0.00105 0.001071
0.9821763602251405 1.106666666666667 2446530 118859000 0.001047 0.001066
1.0514905149051492 1.1874999999999998 6552920 123410000 0.001164 0.001107
1.0601719197707737 1.0867446393762183 2216010 116708000 0.00111 0.001047
1.0047303689687797 1.0630455868089232 3146680 117800000 0.001062 0.001057
1.0571428571428572 1.0997899159663864 1909730 109239000 0.001036 0.00098
0.9850746268656717 1.1039844509232266 2242630 119397000 0.001056 0.001072
1.0528414755732802 1.0904522613065326 1505160 111689000 0.001056 0.001003
0.9134701159678857 1.195095948827292 2119210 124803000 0.001024 0.001121
1.0093023255813953 1.0739336492890994 3145110 119708000 0.001085 0.001075
0.9956255468066492 1.0779816513761469 2821950 127682000 0.001138 0.001143
0.9688850475367329 1.0975609756097562 2813240 129294000 0.001121 0.001157
1.0119863013698631 1.0823117338003503 1668270 130567000 0.001182 0.001168
1.017286084701815 1.0556521739130436 2251920 129316000 0.001177 0.001157
1.172328086164043 1.1981371718882303 6259550 134938000 0.001415 0.001207
1.0479930191972076 1.1016652059596845 2231080 128149000 0.001201 0.001146
1.1577437858508604 1.1894013738959766 2481270 117085000 0.001211 0.001046
1.126156433978133 1.1458863443596268 2840180 133091000 0.001339 0.001189
0.950760318609703 1.0941915227629515 2787480 154631000 0.001313 0.001381
1.0154981549815498 1.0604477611940297 1431720 151759000 0.001376 0.001355
0.9851063829787234 1.1105990783410138 3047660 157975000 0.001389 0.00141
1.039582188015393 1.234744365035734 26126500 203818000 0.001891 0.001819
1.077483099323973 1.1038891848694725 5430930 215457000 0.002072 0.001923
0.9944972486243123 1.076679005817028 6185790 224121000 0.001988 0.001999
0.891555936562366 1.2950326141495234 11077200 261552000 0.00208 0.002333
1.01513671875 1.2015873015873015 4919490 229621000 0.002079 0.002048
1.1868407835258663 1.2124166239096974 8317540 223234000 0.002363 0.001991
0.9773275446213217 1.1340425531914895 7670430 232287000 0.002026 0.002073
0.9835051546391752 1.1062639821029083 9585960 217423000 0.001908 0.00194
1.3012134189864384 1.495265841223598 18841700 156960000 0.001823 0.001401
1.014556040756914 1.0593471810089021 2141360 153925000 0.001394 0.001374
1.0496941896024465 1.1044657097288677 1648260 146452000 0.001373 0.001308
1.0311572700296736 1.1073094867807154 3423010 150880000 0.00139 0.001348
0.9858451290591174 1.0954907161803713 2660340 134375000 0.001184 0.001201
0.8730025231286797 1.2075848303393213 3288960 132978000 0.001038 0.001189
0.8184377199155525 1.272 4246520 158964000 0.001163 0.001421
1.04 1.0975609756097562 3528340 131403000 0.001222 0.001175
0.9854824935952179 1.085589519650655 1997300 130955000 0.001154 0.001171
1.0402449693788276 1.1311475409836065 1986450 127722000 0.001189 0.001143
1.0378719567177637 1.1285714285714288 5326660 123876000 0.001151 0.001109
1.0472940029254023 1.134956874682902 5258110 229985000 0.002148 0.002051
1.062619502868069 1.129888942539836 4751640 234686000 0.002223 0.002092
1.002021018593371 1.1030502885408078 8772420 277609000 0.002479 0.002474
1.053855094924448 1.1363817097415507 15759300 289717000 0.00272 0.002581
0.944083694083694 1.1736082474226803 6564530 311130000 0.002617 0.002772
1.091689426453375 1.1420678768745067 7017140 287838000 0.002798 0.002563
1.046884452510587 1.206960845245494 31150900 371313000 0.003461 0.003306
1.025068119891008 1.0935974734424347 19043800 412349000 0.003762 0.00367
1.0113233057292546 1.3655567490153957 99417200 664867000 0.005984 0.005917
0.8850359262730397 1.2222425127830534 38885700 719521000 0.005666 0.006402
1.1027773652160997 1.331915540027343 159154000 756986000 0.007425 0.006733
1.1832110839445802 1.3217675941080196 70143100 689861000 0.007259 0.006135
1.0326049254249046 1.2501747844325335 178009000 972803000 0.008931 0.008649
0.9496895739670306 1.12861169837914 63625500 1051090000 0.008872 0.009342
1.1031363796546458 1.1621091354996933 62474900 958038000 0.009391 0.008513
1.1498141740356274 1.2092841309166775 62256400 878318000 0.008972 0.007803
0.8392952482648158 1.2785598267460747 56175300 1054010000 0.00786 0.009365
0.9582204155374888 1.1475962161461708 51201500 996509000 0.008486 0.008856
1.0532736429770564 1.1774134344793834 124427000 1005190000 0.009411 0.008935
1.1785223839604504 1.4978239035821894 143767000 818985000 0.008582 0.007282
0.8196588139723802 1.6079713201180936 63693900 830524000 0.006054 0.007386
1.1854422495105892 1.4446034341782503 67820000 631698000 0.006661 0.005619
1.0833614011451669 1.211134827463536 44158800 667380000 0.006433 0.005938
1.5749933634191664 1.7182517866959865 136353000 423265000 0.005933 0.003767
1.075384169324442 1.0874524714828897 23426200 387470000 0.003709 0.003449
1.1825340014316392 1.2686679174484052 19228600 313804000 0.003304 0.002794
0.9769850402761795 1.188556566970091 5614920 292724000 0.002547 0.002607
1.0179487179487179 1.2235597592433363 11797600 306426000 0.002779 0.00273
1.0673346693386774 1.0913934426229508 9047960 279935000 0.002663 0.002495
1.1165004533091567 1.1363636363636365 6307150 247520000 0.002463 0.002206
1.0127238454288405 1.0966782350024789 4978180 237980000 0.002149 0.002122
0.9864909755287343 1.11875077150969 50616900 1016690000 0.008909 0.009031
1.0306547954468612 1.1224418196702142 89424100 998995000 0.009145 0.008873
