NXT
1.0291294830779594 1.0610910342453965 3656 5932590 0.006112 0.005939
0.9986708755607243 1.0520311149524633 36254 6013190 0.006011 0.006019
0.9452766738000612 1.2525465402177731 179925 6535810 0.006184 0.006542
1.0515021459227467 1.0791139240506329 70182 5819200 0.006125 0.005825
0.9921457219251336 1.0766184573002755 35626 5978310 0.005937 0.005984
0.9029644950017235 1.1538313808334935 93417 5796500 0.005239 0.005802
1.0074667637953012 1.0447677672076106 37372 5485040 0.005532 0.005491
1.0822865465137448 1.1381246490735542 99537 5487870 0.005945 0.005493
0.9856189008731382 1.0694740582800284 68585 5834980 0.005757 0.005841
1.0363636363636364 1.0719744090989871 43146 5714110 0.005928 0.00572
0.9989672977624785 1.0420182841068917 40509 5804070 0.005804 0.00581
0.9937920331091566 1.0391877449234057 31342 5793310 0.005763 0.005799
1.027027027027027 1.0803603603603602 58652 5618420 0.005776 0.005624
0.9846494968446188 1.035515320334262 44437 5857160 0.005773 0.005863
1.0986607899644008 1.1427109974424552 164744 5893350 0.006481 0.005899
0.9926984620164673 1.0481770833333335 125253 6430090 0.00639 0.006437
0.9939740420271941 1.0782186234817814 119621 6465260 0.006433 0.006472
1.0177892918825562 1.032871972318339 28231 5784470 0.005893 0.00579
1.0145253328722117 1.0606817776191326 55215 5776940 0.005867 0.005783
0.9770372928176795 1.0496838301716351 44566 5786000 0.005659 0.005792
0.9991388219083706 1.0478798586572438 34748 5800420 0.005801 0.005806
0.9831280580394803 1.0333854981742305 37593 5920620 0.005827 0.005927
0.9980899461712102 1.0502092050209206 41131 5753170 0.005748 0.005759
0.9863751051303618 1.067874911158493 77954 5938720 0.005864 0.005945
0.9954841040462428 1.026470588235294 17611 5530130 0.005511 0.005536
1.0315611497275974 1.0844766758134066 60596 5317660 0.005491 0.005323
0.9754498066251891 1.0463713152904672 34189 5941060 0.005801 0.005947
0.9744132985658409 1.0610415962123774 4692 6130290 0.005979 0.006136
0.9408150064683053 1.091932132963989 73614 6177350 0.005818 0.006184
1.0739022369511184 1.1239222316145394 10777 6028910 0.006481 0.006035
0.9869131359398003 1.0437943862022319 31725 6106540 0.006033 0.006113
1.0012519561815336 1.0548475560574286 6407 6384060 0.006398 0.00639
1.0820966214082728 1.0855242318656952 53962 6327930 0.006854 0.006334
1.1308197221798197 1.1348039215686274 313128 6544670 0.007408 0.006551
0.9618160895491161 1.2562717560917056 97269 9549520 0.009194 0.009559
0.9165196294662551 1.1738083164300204 354332 9059300 0.008311 0.009068
0.9784803105934554 1.0847199437543942 338777 9006020 0.008821 0.009015
0.9577233868134442 1.0699925539836188 112345 8530200 0.008178 0.008539
1.0048676984523217 1.0264875721817726 47138 8003800 0.008051 0.008012
0.9949102598446289 1.0521476602168245 128371 7458520 0.007428 0.007466
1.0120099392600774 1.0362512294506112 66591 7237170 0.007331 0.007244
0.9671070740434903 1.0646476412347117 10662 7259020 0.007027 0.007266
1.054924780017031 1.167942238267148 71088 7039140 0.007433 0.007046
1.0055857920366658 1.0517667587610877 5125 6975050 0.007021 0.006982
0.9787023977433004 1.040081919251024 3211 7082950 0.006939 0.00709
0.9892225894525076 1.0361730400118114 35025 6952530 0.006884 0.006959
1.0142918393597256 1.03939526093909 37087 6989810 0.007097 0.006997
0.946742362800757 1.0982367758186398 77336 7390530 0.007004 0.007398
0.9998576917603529 1.0459550726765525 44557 7020400 0.007026 0.007027
0.9958920991373409 1.0291031201902898 3708 7295810 0.007273 0.007303
0.9665637169329933 1.05446441008497 69369 7439300 0.007198 0.007447
0.9363001745200699 1.087102402362099 95757 8013580 0.007511 0.008022
0.9794520547945206 1.0619685648028858 111952 8168280 0.008008 0.008176
0.9709684735767748 1.0547782783969646 127635 8808840 0.008562 0.008818
1.0837136680278645 1.137747524752475 29538 8317380 0.009023 0.008326
0.990874524714829 1.1396407185628743 47585 9196020 0.009121 0.009205
1.3147491821155946 1.4077153762268266 1103770 7328750 0.009645 0.007336
0.9615497505136483 1.0487767348822896 88956 6807140 0.006552 0.006814
0.9904568210262829 1.038819377606673 41916 6385900 0.006331 0.006392
0.9882542945235648 1.0701068151045585 136738 6804130 0.006731 0.006811
1.0532074340527577 1.0823812387251954 132399 6665530 0.007027 0.006672
1.0399502177971376 1.0770099084409883 261681 8027410 0.008356 0.008035
1.0520967326987396 1.07228444907528 138815 7765740 0.008179 0.007774
0.9774557165861514 1.0685601056803171 93779 8064480 0.007891 0.008073
1.075300797620657 1.0912778904665317 7344 7389730 0.007954 0.007397
1.066577734659229 1.155304908279623 356518 8237930 0.008795 0.008246
1.1286459932453177 1.214537171256989 836668 9760810 0.011028 0.009771
0.9261779564903598 1.0922297297297296 229671 9689110 0.008983 0.009699
1.052033940603943 1.1310181531176005 256481 8005560 0.008431 0.008014
1.1268139484513753 1.1304867448935245 326517 9224330 0.010405 0.009234
1.0842589812869008 1.1093208239853152 247857 9982710 0.010835 0.009993
1.4245359983683459 1.5713109693352543 1615320 9796660 0.013969 0.009806
0.968178463052571 1.0879863189397176 684861 12180900 0.011805 0.012193
1.06074995906337 1.1621462264150944 562766 12201900 0.012956 0.012214
1.0215526884928032 1.1544506816359263 580469 13395900 0.013698 0.013409
1.0309509107749306 1.1268414481897628 410931 12942900 0.013357 0.012956
1.0154243788560948 1.1336047372316804 353244 11982000 0.012179 0.011994
0.8612215909090909 1.209125149803116 1211810 14065700 0.012126 0.01408
0.9162690616521658 1.0976107821114967 245111 10678100 0.009794 0.010689
0.9541415878475207 1.2101883561643836 669812 10456600 0.009987 0.010467
1.0935533657841625 1.1287128712871288 305398 8414120 0.009211 0.008423
0.8832229580573951 1.1503168567807354 230806 9050520 0.008002 0.00906
0.9009523809523811 1.2154117517363026 428263 11014200 0.009933 0.011025
1.0850084222346996 1.1520427904859452 355543 8896110 0.009662 0.008905
1.0350258283986393 1.114176245210728 214091 7929060 0.008215 0.007937
0.9399491094147582 1.0907842329350363 120713 7851870 0.007388 0.00786
0.9830591102985984 1.1340193404413588 242295 8196370 0.008066 0.008205
0.9518423932871216 1.0749126665804114 107513 8214660 0.007827 0.008223
1.1495872473669229 1.150320284697509 175462 7019380 0.008077 0.007026
0.9961234531086924 1.0763952424519672 141379 6700630 0.006681 0.006707
1.0061309393474929 1.0850221290472863 190536 13687700 0.013785 0.013701
0.8706335961328192 1.407397551889303 1755800 17359500 0.015129 0.017377
1.0123724489795918 1.0986152452439497 342234 15664800 0.015874 0.01568
1.001664124254611 1.1476618290716425 40704 14407100 0.014446 0.014422
0.927243330638642 1.0849687454571886 235999 14829400 0.013764 0.014844
1.020609579100145 1.0664379061108271 271296 13766400 0.014064 0.01378
1.0657587013344338 1.0775209795019947 471141 14523500 0.015494 0.014538
1.0776496645169695 1.1035566909019454 558877 15335800 0.016543 0.015351
0.9908056545224686 1.084327764518695 533568 17384600 0.017242 0.017402
1.0975814050884722 1.2083264314504998 1341270 19082600 0.020966 0.019102
0.97575 1.085991458849581 451292 19979900 0.019515 0.02
0.9936621113091701 1.0364294084679269 284316 20176300 0.020068 0.020196
1.0830704047597584 1.1340935725232129 1295300 22163600 0.024029 0.022186
0.9717157887151401 1.1129803096922195 1035390 27725800 0.026969 0.027754
1.0747534236855176 1.0793848563596882 1465540 28158000 0.030293 0.028186
1.0612637089559658 1.0748101308173577 1515830 30151100 0.03203 0.030181
1.053214912117028 1.2490422909159873 1128600 26769800 0.028223 0.026797
1.1500435449757391 1.2049371215649745 1588770 24089200 0.027731 0.024113
1.0989784786273926 1.1118714668253495 937806 20146100 0.022162 0.020166
1.0206384709231395 1.0443425076452602 281463 19652800 0.020078 0.019672
0.9579168858495529 1.1914301017675415 1026450 20890300 0.020031 0.020911
1.1046397411452014 1.1745562130177516 732604 17290200 0.019118 0.017307
1.049443907156673 1.163926499032882 929194 16527500 0.017362 0.016544
0.9864046391752577 1.0350912238646957 141107 15504200 0.015309 0.01552
1.0339236185193088 1.0427155387577551 443642000 14046400 0.014538 0.014061
0.9998549883990719 1.0575224579149998 266925 13778400 0.01379 0.013792
1.0283957440928562 1.0671694891134196 217185 14459400 0.014885 0.014474
0.9148150466295298 1.207379041166507 511195 15961400 0.014616 0.015977
1.030907409853388 1.1408518214187893 6058 15126800 0.01561 0.015142
1.2485121207722454 1.2603441962651043 1194490 13764000 0.017202 0.013778
0.9037267080745343 1.1957268788286268 2376200 31845600 0.028809 0.031878
1.0273152205667544 1.07344336084021 1263600 27356200 0.028132 0.027384
1.1274415735727503 1.2916523884586388 3597260 29152600 0.032901 0.029182
1.1695165094339623 1.2788533032247404 5896070 37275000 0.043637 0.037312
0.9185177664974619 1.3540172990074757 3417460 49200500 0.045237 0.04925
0.942403019691664 1.157042523304814 1809270 43933900 0.041445 0.043978
1.0672133478693653 1.2205171487761834 2141000 42151400 0.04503 0.042194
0.965607247044373 1.2506133664823842 11237300 65064800 0.06289 0.06513
1.0717943394920766 1.172854133754608 4784060 57746000 0.061954 0.057804
1.1430714274668687 1.318382970476129 8020000 64602000 0.073919 0.064667
1.0299922081571653 1.1242634270435843 5330710 78208700 0.080635 0.078287
1.047784961222304 1.1109242372480488 4703610 77415700 0.081196 0.077493
0.8034675102021104 1.3055734916610233 4980290 82743600 0.066548 0.082826
0.8756149633342615 1.470756880733945 3654140 53811600 0.047165 0.053865
1.1740066628747867 1.4427577342434181 5388980 49178300 0.057794 0.049228
1.0547192762382636 1.2022117233882432 2721540 52561300 0.055493 0.052614
0.9104922234923274 1.1747833539662889 3126010 57680100 0.05257 0.057738
1.0334512837393022 1.2467212737563849 2490220 48559200 0.050234 0.048608
0.805377201028525 1.4879277262551966 3693040 66436900 0.05356 0.066503
1.0027873882905243 1.1632793438197582 6202480 81715100 0.082025 0.081797
0.9578572138314785 1.1579195300376854 7139750 80431700 0.077119 0.080512
1.0552789047341211 1.1737131575236215 5510860 73625500 0.077773 0.073699
1.0353905635859015 1.1430251507871172 5136470 62270800 0.064539 0.062333
0.934952602853404 1.1527137282724371 4918440 62599400 0.058586 0.062662
1.4464107952660104 1.6298789292458071 11989600 45159600 0.065385 0.045205
1.0124061692935242 1.1132369028807585 1833240 41389800 0.041945 0.041431
0.9710388062337203 1.1521948633932442 1809560 45256500 0.04399 0.045302
1.138795447214414 1.226847859024265 5042380 43358500 0.049426 0.043402
1.1419864628954703 1.1714495727542802 2614790 32618600 0.037287 0.032651
1.0371826197811538 1.0756177222380006 2115720 28211100 0.029289 0.028239
0.9633821571238349 1.2028450172901604 1880690 28509200 0.027493 0.028538
1.0670187645330498 1.0938226652486616 2902730 55421500 0.059195 0.055477
0.9470726062644644 1.0814896585560307 3274130 69497100 0.065885 0.069567
1.1980681240467717 1.2827511075604618 7229600 68776600 0.082481 0.068845
1.0471223624649726 1.1323417927150645 6071780 83422300 0.087441 0.083506
1.2516997181448068 1.4046187883257397 26223000 98887900 0.123902 0.098987
1.2227635075287864 1.2985056966090807 16359800 119554000 0.146333 0.119674
1.180658103536034 1.4936854396838228 72025200 166828000 0.197164 0.166995
1.047397638901902 1.3569687536708563 22383800 170597000 0.178862 0.170768
0.972316006658695 1.1122944037709357 12780600 170433000 0.165881 0.170604
1.1270163955061838 1.1787633391356998 23588300 158726000 0.179066 0.158885
0.9906355479906529 1.0914693247496081 9024110 173142000 0.171692 0.173315
1.033500631035191 1.0755672452677492 6488460 170184000 0.176062 0.170355
1.0279093114699238 1.2598553179799459 29516600 179116000 0.184299 0.179295
0.9214206449547007 1.2208337545917165 12830300 180948000 0.166896 0.181129
0.9542573041130181 1.0841243311339228 6627190 172401000 0.16468 0.172574
0.9889622578470023 1.0633418838370694 7020530 164453000 0.1628 0.164617
1.0300771162230347 1.1053951069230241 10520400 167501000 0.172712 0.167669
0.9758947861834131 1.3261568951279934 19615500 185417000 0.181129 0.185603
1.012865298739472 1.1083561745738368 12266700 176733000 0.179186 0.17691
0.9952446882466686 1.0617561371524098 5750750 171006000 0.170363 0.171177
0.9683206489642646 1.0925109087459686 14347800 179307000 0.1738 0.179486
0.961102292822181 1.0749863163656266 7226620 165525000 0.159246 0.165691
0.9454265694012419 1.1187635940324112 14035300 180493000 0.170814 0.180674
0.8682292295920422 1.2446268903201452 23573800 198449000 0.172472 0.198648
1.1442024154024868 1.5079415286595421 49554400 145338000 0.166462 0.145483
0.9729991524397626 1.3215696034511366 36078100 123761000 0.12054 0.123885
1.1300467925909825 1.2248152373394179 5477890 87320000 0.098774 0.087407
1.012119226989846 1.134106316582374 4980300 82348300 0.08343 0.082431
1.0357454885066129 1.0900410549888033 2207880 66319600 0.068759 0.066386
1.1905289346329493 1.230863608479313 4061940 58625100 0.069865 0.058684
0.8535246083085325 1.2065097801767743 6124410 162465000 0.138807 0.162628
1.0022398099381724 1.1031527184153684 5727340 139605000 0.140057 0.139744
0.9533366341334383 1.0716757039642966 4114300 147291000 0.140559 0.147439
0.7924965189229782 1.2734150070488255 6957720 127707000 0.101308 0.127834
0.8730235436749159 1.291355099345466 8208790 117833000 0.102974 0.117951
0.8832880313697531 1.2354384224566672 5121040 89678000 0.079291 0.089768
0.9236385595081248 1.290360659031545 5774600 90988900 0.084125 0.09108
0.9055968759232855 1.1471269762121257 2830060 77768800 0.070498 0.077847
1.1907691818499795 1.2182422334573437 3730820 62835200 0.074897 0.062898
1.0725924468438335 1.3553083095766023 11499900 81236000 0.08722 0.081317
1.0540719414937623 1.1652897494266397 11357800 120756000 0.127412 0.120876
0.8741531303567055 1.2350685480839119 11223500 146865000 0.128511 0.147012
0.8360420343333868 1.2853333605770214 9375160 124535000 0.104221 0.12466
1.0171380734246986 1.0592959391499919 5131900 106207000 0.108135 0.106313
1.032226931725469 1.0825535107646778 3354770 100405000 0.103745 0.100506
1.0706385726971825 1.1255328439832817 4285090 98997100 0.106096 0.099096
0.9609454201384532 1.0648890149634778 3167130 103469000 0.099528 0.103573
0.9307267514220654 1.0928240948926262 5472650 108361000 0.100955 0.108469
1.0126931090436002 1.1795364204222807 7435520 104047000 0.105473 0.104151
0.9649857883038127 1.0867585609881971 6479290 128990000 0.124598 0.129119
1.1596794907148427 1.17500987908006 10237600 126796000 0.14719 0.126923
1.3717612875919423 1.4365298161726856 16465200 87331400 0.119918 0.087419
1.0738640145917375 1.2138389924893624 5778130 75036100 0.080659 0.075111
0.9024585477415666 1.2474518201284794 2782570 69890100 0.063136 0.06996
0.9309838823206593 1.1912776933919016 2995440 83736700 0.078036 0.083821
1.1505526972645306 1.290354275447757 6063350 78445500 0.090346 0.078524
0.8651150668005252 1.3768260956573943 6183970 103488000 0.089619 0.103592
1.1668102893253698 1.3236003184534824 6879790 100858000 0.1178 0.100959
0.9123745771865497 1.109571966133584 4342270 140583000 0.128393 0.140724
1.0516266719961171 1.1491270645672438 8242470 139962000 0.147335 0.140102
1.020370625167462 1.1105305402980847 7928740 137953000 0.140904 0.138091
1.3492538723082736 1.3997119400835374 16358800 105774000 0.142859 0.10588
0.9172757271037011 1.143185211427993 22248200 178922000 0.164285 0.179101
0.95148691767709 1.1815515266642456 31655900 156544000 0.149098 0.1567
1.169504874784936 1.2068259170553384 18974100 130644000 0.152942 0.130775
1.0047508601299129 1.0582067994164948 10688300 142568000 0.143389 0.142711
0.9775087033530815 1.119068736141907 12667200 130853000 0.128038 0.130984
1.111833022710016 1.165588732802055 10649600 115781000 0.128857 0.115896
1.0096733299037262 1.1866903560237023 14698800 108747000 0.109909 0.108856
1.0107996323529413 1.1191982031932788 10786100 108691000 0.109975 0.1088
1.0219125260572133 1.1796389782891834 7898830 102077000 0.104418 0.102179
0.9552362336450244 1.1153909353644509 7768210 113460000 0.10849 0.113574
1.1329835871763847 1.2871888169008854 25614900 108160000 0.122667 0.108269
0.97441413557362 1.0873366405775282 7313590 117486000 0.114595 0.117604
1.0399507963929413 1.1028126859012493 8235880 110450000 0.114978 0.110561
0.9742556131564819 1.0454786893052732 7142150 113504000 0.110692 0.113617
0.9948881845550778 1.034034258818457 6085480 113154000 0.112688 0.113267
1.0219109130599506 1.042737868893114 5936270 110748000 0.113287 0.110858
0.983644535452747 1.0534147411523835 7015290 115137000 0.113367 0.115252
0.9659032502548109 1.0859015899329365 6888840 114676000 0.110877 0.114791
0.9616753532593133 1.0650676758378508 8704460 122097000 0.117535 0.122219
1.0057872624579172 1.0907724409370951 6215630 107716000 0.108447 0.107823
1.1048131545387796 1.1577344701583434 9386530 103405000 0.114357 0.103508
0.93795168660004 1.0815285871790834 6354520 109756000 0.103049 0.109866
0.9938633574253376 1.0724474404573472 7053980 109885000 0.10932 0.109995
0.850835647013991 1.2519815028467982 13950500 128454000 0.109403 0.128583
0.9003593596863769 1.1714939687733894 11568200 128433000 0.115752 0.128562
0.9175919451824919 1.090523683167109 10872000 142877000 0.131234 0.14302
0.9336326102627958 1.108455615284033 12914900 152437000 0.142463 0.15259
0.8894329039311689 1.167659757210451 17633300 147111000 0.130977 0.147259
0.9577737925164899 1.1401320383419031 20845800 164331000 0.157549 0.164495
1.262078223539776 1.3661999348746334 36997200 142883000 0.18051 0.143026
1.0562726459305984 1.058786441821847 7045670 112766000 0.119231 0.112879
1.0032529497485074 1.0849837321322144 4642680 106259000 0.106711 0.106365
1.0258033876840271 1.1957454041473812 7765250 88349200 0.09072 0.088438
0.974557740134203 1.0858490939305214 10709000 106449000 0.103844 0.106555
0.9988466626714458 1.0706164044254678 4929800 88350300 0.088337 0.088439
0.9870581786114355 1.0699754796259102 4811660 83830200 0.082828 0.083914
0.9155586295717709 1.1604251569556119 4783860 83772700 0.076776 0.083857
1.1865186446203162 1.651652794292509 8510900 55162100 0.065516 0.055217
1.0638684114982082 1.2551059595712741 3473430 63285600 0.067395 0.063349
0.9020367051682866 1.1304245560390451 3046770 76370600 0.068958 0.076447
0.8796704520151415 1.1894344851476573 3156750 67297600 0.059259 0.067365
1.0548001296640677 1.0987374218465855 2220900 58554900 0.061825 0.058613
1.071831174931222 1.0799038396879834 1880870 59552500 0.063894 0.059612
1.1380098078036003 1.1395717684377478 3774000 65596000 0.074724 0.065662
0.9814354384220123 1.099572765291693 3322550 72323300 0.071052 0.072396
1.083092608326253 1.1043284918136929 4086020 70549300 0.076488 0.07062
0.9494161894403019 1.1076725234480926 5831200 76232300 0.072449 0.076309
1.027119968737788 1.0939412289648138 3653810 63910500 0.06571 0.063975
0.9664688523526932 1.0644811520542143 1819550 61612600 0.059606 0.061674
0.9910193765796125 1.1096865837446048 2592450 59290300 0.058817 0.05935
0.9781955755790447 1.0827087102610493 2979880 69182700 0.067742 0.069252
1.1336426086180749 1.1433371992743928 5181500 67186600 0.076242 0.067254
0.9709371838499034 1.1506756182544404 4298970 65172800 0.063342 0.065238
0.7124342208096701 1.4133101746046255 4483420 76695600 0.054695 0.076772
1.0162088442599209 1.1747283858010502 9020360 82772900 0.084199 0.082856
0.9552506034199462 1.1489896359564606 5038210 88159000 0.084298 0.088247
0.8406089420352495 1.3864969936976312 14566200 104011000 0.08752 0.104115
1.1789679731044853 1.183391425970739 9613080 90333600 0.106607 0.090424
0.8298561993535996 1.287593509450327 7995960 106639000 0.088583 0.106745
0.8935053171860847 1.1599752698910923 8500410 119117000 0.106538 0.119236
0.9746274300168194 1.0521930002845414 3403220 76620000 0.074751 0.076697
0.9398453811861632 1.1264481065361451 2832090 70812800 0.06662 0.070884
1.0047427946005107 1.0770117824016043 2404930 62980400 0.063342 0.063043
1.2044860265110866 1.2953888064155736 11741900 66095000 0.07969 0.066161
0.9072422871605405 1.1718737106170884 4005670 68679800 0.062372 0.068749
0.9972409242903627 1.0485903738074454 2206970 66622700 0.066505 0.066689
0.9885406081450794 1.0750466891648374 3505360 63901300 0.063232 0.063965
0.9918198002030337 1.1397436893203885 3431370 67901300 0.067413 0.067969
0.9663240855682901 1.066867818719332 4462080 69208800 0.066945 0.069278
0.9770575437017031 1.0703361971763885 4038610 66578800 0.065116 0.066645
0.9926604916509086 1.085508859025935 2948750 62339800 0.061944 0.062402
0.9586117662473794 1.0834792451495376 3710600 60995400 0.058529 0.061056
0.9892044159312209 1.0448105658597395 2228100 61352300 0.060751 0.061414
0.9855446566855963 1.0529233523861994 1942760 59986900 0.059179 0.060047
1.0191967581860952 1.0552904564315353 6687650 58181300 0.059357 0.058239
0.9979957860116142 1.0284823284823286 1846800 58318400 0.05826 0.058377
0.9928359725632991 1.0263709816056386 2029090 58986300 0.058622 0.059045
0.9816224775123807 1.0362419562419563 1623190 59306400 0.058275 0.059366
0.9867545315606974 1.0606458786071664 2755640 60789900 0.060045 0.060851
1.044905067613714 1.1390160976963641 3465930 58509400 0.061198 0.058568
0.9791300987133449 1.0754798864964115 2536540 62036400 0.060803 0.062099
0.9748140635564571 1.0667723749119098 3093700 65010500 0.063437 0.065076
1.0002401573030335 1.091511245646584 5569270 66556700 0.066639 0.066623
1.032734858079416 1.1243809552481445 5472330 67048200 0.069312 0.067115
1.0832792901092991 1.1909161016676841 4661430 63157700 0.068486 0.063221
0.9713151125885593 1.0721473294147714 3941970 66414500 0.064574 0.066481
1.076006560329303 1.1351299202469773 3686780 62129500 0.066919 0.062192
0.8614943107441345 1.229026622049809 7469230 79368200 0.068444 0.079448
1.042284398460665 1.1285528991657192 3205850 63340400 0.066085 0.063404
0.9427098124205964 1.074077640299777 1702370 66838200 0.063072 0.066905
0.9452816600874854 1.0788563390793875 2839980 74909100 0.070881 0.074984
0.9633704663657118 1.0618015057685017 3161980 58200600 0.056125 0.058259
0.9506625317169439 1.1017339350642232 3109510 60239200 0.057324 0.060299
1.0118564466105449 1.062403628117914 2266750 56368300 0.057094 0.056425
1.0571265046234193 1.074011728931364 2507610 55854700 0.059105 0.055911
1.1079209148098794 1.229869258586553 6215410 64473700 0.071503 0.064538
1.0630450723122769 1.1632244168767634 4921230 64032500 0.068138 0.064097
1.0436936343887828 1.1006858115436597 3358820 60703700 0.063419 0.060764
1.0277046827342864 1.0502021970062771 3527330 66817500 0.068737 0.066884
0.9993136778289341 1.0427716878830742 3260860 69868300 0.06989 0.069938
1.0251310289922377 1.0618104479595907 3701600 75289900 0.077259 0.075365
1.3935159554443386 1.4896472307726374 40962300 90224100 0.125854 0.090314
0.8875658238056834 1.173353763154756 14452000 126347000 0.112254 0.126474
1.06754632007269 1.1101252320941806 16848900 126438000 0.135114 0.126565
1.1990847923600056 1.3481302206556902 62299900 165698000 0.198885 0.165864
0.8169671627855052 1.4043458469786436 28684200 196866000 0.160994 0.197063
1.096031474093835 1.2451249056753642 13576100 163272000 0.179131 0.163436
0.992459886291851 1.1402950814396884 26461500 197677000 0.196383 0.197875
1.231163032963762 1.346166676158784 21664000 134255000 0.165456 0.13439
1.1303181708093757 1.2142075453585486 13709300 111369000 0.126009 0.111481
1.011343321869764 1.2425390333637836 33382500 124618000 0.126158 0.124743
1.1686391298718115 1.2940463505594033 11942100 77152300 0.090254 0.07723
1.1036185648107684 1.116384963381029 4093940 68577000 0.075759 0.068646
1.0141694826761034 1.099048983448654 3839530 68882200 0.069928 0.068951
1.055667072341905 1.0940816261100959 3558640 63205800 0.066791 0.063269
0.8886015691575329 1.1603587015821057 4907610 67994400 0.06048 0.068062
0.8884805790911487 1.1950386335908907 5123080 72041000 0.064071 0.072113
1.0982462114762472 1.1163497048976634 4097570 58670800 0.0645 0.05873
0.978139307307867 1.0739143937594766 2848380 57168800 0.055975 0.057226
0.9724294406820447 1.0662194765316566 2279930 58120100 0.056574 0.058178
1.0953661969321764 1.253329427846124 4569930 56074800 0.061484 0.056131
1.2792261841583383 1.3714811121924424 23423500 178830000 0.228993 0.179009
1.230013828084208 1.4725642450548955 213195000 348218000 0.428741 0.348566
0.9035076408680844 1.1067975020545553 71367200 449369000 0.406414 0.449818
1.5295482551862953 1.8370156702494191 237639000 471011000 0.721156 0.471483
0.91491107247424 1.3659677333559241 89882400 663641000 0.60778 0.664305
1.161058879520128 1.2583910275405656 104955000 556258000 0.646495 0.556815
1.032862123763668 1.2714930102992665 117073000 673902000 0.696744 0.674576
0.9711939076901178 1.175651436369547 75192000 701822000 0.682288 0.702525
1.2022270675485485 1.2806950827374572 145799000 684970000 0.824313 0.685655
0.9500921441300438 1.2282065750764444 150382000 985511000 0.937264 0.986498
1.0427350427350428 1.2909090909090908 264017000 1167570000 1.22 1.17
1.467741935483871 1.7704918032786887 603581000 1238030000 1.82 1.24
0.9502762430939226 1.1533742331288344 174949000 1804210000 1.72 1.81
0.8716216216216216 1.4083333333333334 555784000 1476730000 1.29 1.48
0.8264025851556117 1.2815469779940292 170792000 729902000 0.603797 0.730633
1.2661110393709827 1.3839262478164733 199298000 557011000 0.705943 0.557568
0.9190124774312197 1.377523910158001 161982000 595360000 0.547691 0.595956
0.5857624 1.9416458376352603 480011000 1250590000 0.732203 1.25
0.8837209302325582 1.3453237410071943 392506000 1713750000 1.52 1.72
0.93717277486911 1.267515923566879 321218000 1905770000 1.79 1.91
1.0 1.7406745552200826 421425000 1231220000 1.23 1.23
1.2603457833422873 1.5762945636905632 237063000 935315000 1.18 0.936251
1.1890905302080341 1.492640887623781 317735000 824568000 0.981467 0.825393
1.0180151875322334 1.0672633865524093 67153300 674090000 0.68692 0.674764
1.013969380873227 1.1156524559946157 84616500 691751000 0.702116 0.692443
1.0680168535136345 1.123189718321373 80546000 643020000 0.687444 0.643664
0.90364944128653 1.416416593115622 94363300 617231000 0.558318 0.617848
0.9415746832689903 1.3003947335901338 201496000 698159000 0.658027 0.698858
1.1494864033648178 1.4328756489253311 159605000 410904000 0.472801 0.411315
1.0505675013099782 1.1937427155486908 130717000 427061000 0.449105 0.427488
1.6120587731134541 1.7758586204290991 104003000 227292000 0.366774 0.227519
0.9318224084524231 1.1443040500099753 80812200 687588000 0.641351 0.688276
0.975614116915423 1.1457668455636623 86632300 642557000 0.627515 0.6432
