LTC
1.041570438799076 1.043879907621247 11337500 212691000 4.51 4.33
0.9935622317596566 1.0372807017543861 10055700 228878000 4.63 4.66
0.8737270875763747 1.1702127659574468 19196000 241730000 4.29 4.91
1.0259067357512954 1.0969529085872576 14628400 190143000 3.96 3.86
1.075 1.1094147582697202 11165200 196828000 4.3 4.0
0.8369565217391305 1.2210526315789474 21863300 226517000 3.85 4.6
0.9848101265822785 1.0421052631578949 7720620 194684000 3.89 3.95
1.0102827763496145 1.0180412371134022 9341360 191859000 3.93 3.89
1.0076726342710998 1.025974025974026 4816480 192814000 3.94 3.91
1.0052083333333333 1.031496062992126 4090650 189782000 3.86 3.84
1.0025706940874035 1.0077120822622108 2717700 192408000 3.9 3.89
0.9948186528497409 1.0104712041884816 2725110 190717000 3.84 3.86
0.978891820580475 1.029810298102981 6863540 187625000 3.71 3.79
1.0052083333333333 1.0131233595800524 5049680 190149000 3.86 3.84
1.0 1.0052083333333333 2804420 190873000 3.85 3.85
1.0149253731343284 1.0199004975124377 15799800 199116000 4.08 4.02
1.0414507772020725 1.0414507772020725 10192700 191115000 4.02 3.86
1.0 1.0078125 3305270 190872000 3.85 3.85
1.032345013477089 1.0350404312668464 5817220 183873000 3.83 3.71
0.9869791666666667 1.0158730158730158 2629220 189741000 3.79 3.84
0.9846153846153846 1.0261780104712042 2630830 192953000 3.84 3.9
1.0077720207253886 1.0182291666666667 3427180 190693000 3.89 3.86
0.9746192893401014 1.044973544973545 4321020 194678000 3.84 3.94
0.9948979591836735 1.0232558139534884 8159260 193560000 3.9 3.92
1.0025706940874035 1.020671834625323 3999180 191987000 3.9 3.89
1.03125 1.0634920634920635 13690900 189108000 3.96 3.84
1.0674418604651164 1.0909090909090908 15157900 211857000 4.59 4.3
1.0075757575757576 1.0307692307692307 11728600 194906000 3.99 3.96
0.8976744186046511 1.1328125 11063700 211689000 3.86 4.3
1.0453563714902807 1.0453563714902807 13762400 227855000 4.84 4.63
1.0287610619469028 1.0580357142857142 14595300 222154000 4.65 4.52
1.0 1.0248138957816377 7753930 202128000 4.08 4.08
1.0 1.0173267326732673 8548470 202531000 4.08 4.08
0.9926289926289926 1.0124378109452739 4635400 201824000 4.04 4.07
0.9975308641975309 1.00990099009901 6570650 201352000 4.04 4.05
0.9429280397022332 1.0997304582210243 21297300 200288000 3.8 4.03
1.0026455026455028 1.0079575596816976 3340840 187849000 3.79 3.78
0.9867374005305041 1.018918918918919 4721650 187506000 3.72 3.77
1.0106100795755968 1.0159574468085106 2683590 187657000 3.81 3.77
1.0132275132275133 1.0185676392572944 4001350 188226000 3.83 3.78
0.992084432717678 1.0133689839572193 2701490 189049000 3.76 3.79
1.0053191489361701 1.0106382978723405 4110740 187718000 3.78 3.76
1.0105263157894737 1.0131578947368423 4096480 189631000 3.84 3.8
0.9948051948051948 1.0131233595800524 3581200 192344000 3.83 3.85
0.9973753280839894 1.0078947368421054 3766590 190522000 3.8 3.81
0.9921052631578948 1.0159574468085106 4045440 190098000 3.77 3.8
1.0026178010471205 1.0131578947368423 2688250 190585000 3.83 3.82
1.0052219321148825 1.0157068062827226 6921090 191226000 3.85 3.83
1.0052770448548813 1.0158730158730158 4547610 188961000 3.81 3.79
1.0 1.008 3128060 187912000 3.77 3.77
0.9895561357702349 1.0132275132275133 3209270 190755000 3.79 3.83
0.9973684210526317 1.0105820105820107 3991580 189087000 3.79 3.8
1.0134408602150538 1.0161725067385445 3994400 184921000 3.77 3.72
0.9894736842105263 1.0133333333333332 2706320 188829000 3.76 3.8
0.9947368421052631 1.0297297297297296 7918280 188981000 3.78 3.8
0.9925925925925926 1.0277078085642317 7016980 201226000 4.02 4.05
0.9950738916256159 1.00990099009901 4972300 201525000 4.04 4.06
0.9950980392156862 1.0199004975124377 6926300 202727000 4.06 4.08
1.0024509803921569 1.0174129353233832 5175450 202147000 4.09 4.08
1.0079575596816976 1.0132978723404256 4405000 188623000 3.8 3.77
1.0 1.0256410256410258 7515680 196144000 3.92 3.92
1.0103626943005182 1.015625 2836910 193336000 3.9 3.86
0.9820051413881747 1.0289473684210526 5619560 194991000 3.82 3.89
1.0185676392572944 1.0212765957446808 3092100 188704000 3.84 3.77
1.0106382978723405 1.024 3463740 188428000 3.8 3.76
1.0831168831168831 1.1096605744125325 22439100 192979000 4.17 3.85
1.0271604938271606 1.045 6571900 203099000 4.16 4.05
0.9598108747044916 1.047029702970297 11109600 212582000 4.06 4.23
1.0 1.0333333333333334 6013050 198801000 3.96 3.96
0.9925742574257426 1.015075376884422 4970080 202923000 4.01 4.04
1.0127226463104326 1.0204081632653061 3354160 197783000 3.98 3.93
1.0 1.0377833753148615 7904680 205034000 4.07 4.07
1.0024570024570023 1.0247524752475248 5162690 204793000 4.08 4.07
1.0120772946859906 1.0268948655256724 8479960 208728000 4.19 4.14
0.9501424501424501 1.2085470085470087 98922600 353860000 6.67 7.02
1.6698564593301437 1.6963855421686747 191251000 210627000 6.98 4.18
1.0221130221130221 1.0295566502463054 4297870 205012000 4.16 4.07
0.9975429975429974 1.0173697270471462 3911060 204723000 4.06 4.07
1.0277078085642317 1.0482233502538072 12524300 199924000 4.08 3.97
0.9874686716791979 1.030848329048843 5949960 200521000 3.94 3.99
1.0202531645569621 1.0411311053984575 4068240 198555000 4.03 3.95
0.9826732673267327 1.077720207253886 12199700 202967000 3.97 4.04
1.0216867469879518 1.0682926829268293 12755200 208204000 4.24 4.15
0.9736211031175059 1.0399002493765586 7928910 209412000 4.06 4.17
1.013192612137203 1.0211640211640212 3373750 189874000 3.84 3.79
0.97911227154047 1.0402144772117963 7090150 191858000 3.75 3.83
0.9921259842519684 1.0186666666666666 4594400 190712000 3.78 3.81
1.0129198966408268 1.0181347150259068 4393810 193846000 3.92 3.87
0.9923273657289002 1.0155440414507773 3361400 195730000 3.88 3.91
1.0315789473684212 1.0873015873015874 9439480 189785000 3.92 3.8
1.0345864661654134 1.1061806656101427 57711700 335526000 6.88 6.65
1.0426356589147288 1.1933701657458564 114179000 390802000 8.07 7.74
1.3442424242424242 1.434673366834171 217834000 416432000 11.09 8.25
0.9168297455968688 1.1490750816104462 94765600 516533000 9.37 10.22
0.8806875631951466 1.1874258600237249 90963300 499887000 8.71 9.89
0.9932659932659932 1.071593533487298 50700000 450735000 8.85 8.91
0.9433085501858737 1.0845921450151057 64187400 544751000 10.15 10.76
1.0435203094777563 1.0784313725490198 47922000 523678000 10.79 10.34
0.9830188679245283 1.0760346487006736 104055000 536824000 10.42 10.6
0.9369544131910766 1.0792492179353492 55784900 522923000 9.66 10.31
1.0913508260447038 1.1358267716535433 99012200 522165000 11.23 10.29
1.0665646518745218 1.1127413127413128 198452000 663271000 13.94 13.07
1.0153538050734312 1.083567415730337 56668300 760872000 15.21 14.98
0.9851752021563341 1.1135857461024499 76208000 754472000 14.62 14.84
1.0930555555555554 1.0981894150417828 45713600 732129000 15.74 14.4
1.0006369426751593 1.0387847446670977 43929100 798743000 15.71 15.7
0.9828649760109665 1.0512091038406828 41067800 741933000 14.34 14.59
0.9763313609467454 1.084478021978022 71308800 772651000 14.85 15.21
1.072349570200573 1.1230307576894223 60177200 709098000 14.97 13.96
1.1681574239713775 1.1764176417641765 158914000 567234000 13.06 11.18
1.0726895119418483 1.1115745568300313 55828300 488681000 10.33 9.63
0.9904030710172745 1.0972918756268806 83183300 528060000 10.32 10.42
0.996279069767442 1.021555763823805 24321400 544263000 10.71 10.75
1.0256663376110562 1.0857438016528926 61137000 512838000 10.39 10.13
1.2219705549263873 1.2525481313703284 159255000 446780000 10.79 8.83
1.0229357798165137 1.1233211233211233 74425700 440977000 8.92 8.72
1.0620985010706638 1.1093247588424437 58489100 471828000 9.92 9.34
0.9217625899280576 1.1853002070393375 194300000 561808000 10.25 11.12
1.020935960591133 1.1899070385126163 129208000 409793000 8.29 8.12
1.128279883381924 1.193984962406015 88560400 346209000 7.74 6.86
1.013367281985996 1.1001344086021505 66989400 799215000 15.92 15.71
1.3249370277078085 1.391193363114231 253441000 808247000 21.04 15.88
1.1193012356199403 1.1891545687446627 218949000 1195810000 26.27 23.47
1.074113475177305 1.1124113475177306 187718000 1437700000 30.29 28.2
1.1595303867403315 1.3785218456512862 251517000 1477510000 33.58 28.96
0.9406001224739744 1.1740991794505884 206137000 1666830000 30.72 32.66
1.06208670095518 1.1328369905956113 83564400 1390150000 28.91 27.22
0.8781585323641399 1.148471615720524 97147900 1476700000 25.37 28.89
1.0929432013769362 1.2475961538461537 141118000 1188550000 25.4 23.24
0.9791445740544362 1.0608663181478715 96923800 1447310000 27.7 28.29
0.9570596797671034 1.1169840652934317 104882000 1406610000 26.3 27.48
1.2691699604743083 1.2880064179703168 216875000 1296170000 32.11 25.3
0.8674209457499275 1.2542431589885694 687651000 1766650000 29.9 34.47
1.0145299145299145 1.2651741293532337 505424000 1200170000 23.74 23.4
1.036595394736842 1.1035223367697595 219796000 1248110000 25.21 24.32
1.0415808974886784 1.1031061259706645 298675000 1247240000 25.3 24.29
0.9533965244865719 1.087390761548065 216944000 1299460000 24.14 25.32
1.008746355685131 1.1791044776119404 377039000 1231490000 24.22 24.01
0.7830530827563469 1.3882978723404256 484254000 1554680000 23.75 30.33
1.072540473225405 1.1087984862819298 196292000 1645910000 34.45 32.12
0.9709257842387146 1.1817791147400085 164829000 1338680000 25.38 26.14
0.9938583815028902 1.035294117647059 59065000 1416690000 27.51 27.68
1.1267381803734604 1.1548566878980893 115830000 1287210000 28.36 25.17
0.920678768745067 1.1109162647961421 136875000 1295310000 23.33 25.34
0.993124785149536 1.0957178841309825 67853200 1486220000 28.89 29.09
0.8874878758486906 1.1574716843259043 110569000 1579240000 27.45 30.93
0.9597597597597599 1.1957078795643818 410466000 1699070000 31.96 33.3
0.9535726045439579 1.1247713135748263 132650000 1548860000 28.96 30.37
1.0638458632414054 1.1216163201255396 108083000 1348870000 28.16 26.47
1.1116920152091256 1.231543624161074 242912000 1071840000 23.39 21.04
0.9981155778894473 1.0712871287128714 38692100 810373000 15.89 15.92
1.1365430149960538 1.1707509881422924 420473000 1301540000 28.8 25.34
0.9524793388429752 1.0953811490799852 290556000 1492070000 27.66 29.04
1.0978996084015664 1.1032395870416518 366901000 1444260000 30.84 28.09
0.9286882564605823 1.081424039478322 264597000 1572550000 28.39 30.57
0.9831069890692282 1.0327481431465226 176841000 1553630000 29.68 30.19
1.0891803278688523 1.1127320954907163 406218000 1570430000 33.22 30.5
1.0389962699220074 1.0446641663825436 150455000 1519410000 30.64 29.49
1.0 1.1120468692786527 314502000 1557670000 30.22 30.22
1.3170259812050857 1.3626312880044222 1730780000 1866370000 47.65 36.18
1.0901213171577124 1.1902645032229384 1342360000 2382490000 50.32 46.16
1.0103594080338267 1.124604251469923 640054000 2442610000 47.79 47.3
0.9914136125654451 1.024328326634229 284270000 2467280000 47.34 47.75
0.9871881321645314 1.0736353077816494 354372000 2300180000 43.92 44.49
0.985655239484561 1.1433701657458564 565265000 2127600000 40.54 41.13
0.9589073079617091 1.0614622057001237 300131000 2216710000 41.07 42.83
0.983187134502924 1.0393328354493403 251184000 2124870000 40.35 41.04
1.0497305242528172 1.113067891781521 353444000 2111870000 42.85 40.82
0.933923705722071 1.1810918774966712 538072000 2277350000 41.13 44.04
0.9415873015873016 1.0779368325380596 321214000 2442000000 44.49 47.25
0.9997904442581728 1.064966208851101 445323000 2465100000 47.71 47.72
0.9367189049791709 1.1250273224043716 612935000 2602590000 47.22 50.41
0.9704890387858348 1.1180768324298844 1016220000 2447790000 46.04 47.44
1.178996036988111 1.2081218274111676 515973000 1561380000 35.7 30.28
0.9830839297332465 1.0934515688949522 278323000 1584220000 30.22 30.74
0.8877520312970208 1.1953237410071942 372663000 1711460000 29.5 33.23
1.0256064690026954 1.031355360755226 202679000 1528070000 30.44 29.68
1.0644820295983088 1.0882352941176472 229005000 1460360000 30.21 28.38
0.9905966277561609 1.0707450444292548 321099000 1586150000 30.55 30.84
1.010488245931284 1.036734693877551 204435000 1421270000 27.94 27.65
1.0013840830449827 1.0775054073540016 332251000 1484470000 28.94 28.9
0.9650990099009902 1.05484793345464 225507000 2092370000 38.99 40.4
1.1193346190935392 1.181352208933366 729938000 2149160000 46.43 41.48
0.9623665641396778 1.1073122529644268 790609000 2865630000 53.19 55.27
0.911545988258317 1.1207538899846592 553712000 2650900000 46.58 51.1
0.9469060351413292 1.0763173834039976 409244000 2717950000 49.58 52.36
0.9796844607737194 1.0856815578465064 400045000 2403210000 45.33 46.27
0.950944170771757 1.0806345009914078 229105000 2531820000 46.33 48.72
0.9091333800513899 1.133139227104288 327332000 2225560000 38.92 42.81
1.0359310512260258 1.0721931789892956 355036000 2142760000 42.67 41.19
0.9213077790304396 1.0951676528599605 246377000 2308550000 40.86 44.35
1.0153095185267362 1.0658131176999102 286020000 2347580000 45.76 45.07
0.9448852669954965 1.0861667442943643 219257000 2430320000 44.06 46.63
0.9496402877697843 1.0905770635500365 206307000 2319870000 42.24 44.48
0.9950413223140495 1.029717323024885 81714000 2210020000 42.14 42.35
1.0138067061143983 1.0671140939597317 109945000 2117650000 41.12 40.56
1.0664352999504214 1.1304236200256739 240821000 2107540000 43.02 40.34
0.9815444390480816 1.0439340988517223 75746700 2150970000 40.42 41.18
0.9618664140217906 1.1816917084028937 137556000 2203520000 40.61 42.22
0.9985812248758571 1.050947575682993 121389000 2206000000 42.23 42.29
1.0056612318840579 1.035112035112035 158532000 2302370000 44.41 44.16
1.0172602141140485 1.0297029702970295 132333000 2385020000 46.56 45.77
1.09912109375 1.109619140625 354802000 2132670000 45.02 40.96
1.0394181135617082 1.0930793344586447 380816000 2218090000 44.3 42.62
1.0511305241521067 1.1536558548653104 393366000 2024150000 40.91 38.92
0.9232096635030198 1.1392156862745098 320419000 2409670000 42.8 46.36
1.0771100309323907 1.113455865668255 369964000 2350960000 48.75 45.26
0.9332799038268884 1.129414394278051 373253000 2591230000 46.58 49.91
1.1179245283018868 1.1808820237295723 604987000 2420160000 52.14 46.64
0.9610902255639098 1.0614525139664805 461149000 2758680000 51.13 53.2
1.1883591065292096 1.1902920962199313 1101750000 2413260000 55.33 46.56
1.0672657252888318 1.1447089947089948 315630000 2017570000 41.57 38.95
1.0004649000464898 1.0652226819177415 203656000 2248110000 43.04 43.02
1.01588054041242 1.0246854972703536 95497600 2206190000 42.86 42.19
1.0774890779489537 1.079116835326587 248320000 2275090000 46.86 43.49
1.0139473101616117 1.0301418439716312 106560000 2364540000 45.8 45.17
0.9880633875282979 1.06509754028838 253103000 2544750000 48.01 48.59
1.0150862068965518 1.0200431034482758 137644000 2431830000 47.1 46.4
0.9836804809963496 1.0843672456575684 242565000 2441760000 45.81 46.57
0.9454267627155643 1.0839441948451172 206081000 2403520000 43.31 45.81
0.9938886373924852 1.0239835541343079 104020000 2318000000 43.91 44.18
0.9666312433581297 1.0753768844221105 155404000 2471190000 45.48 47.05
1.037886988525655 1.0686102586584831 207172000 2427130000 47.94 46.19
1.1400128452151572 1.1785714285714286 447188000 2456090000 53.25 46.71
1.0201315527207495 1.0459470304975922 157619000 2639490000 51.18 50.17
1.1806949806949807 1.2478698683191325 890546000 2726990000 61.16 51.8
1.0125020035262062 1.0331374469474373 294799000 3286610000 63.17 62.39
1.1075436408977557 1.1286695815115553 633147000 3381750000 71.06 64.16
1.0159911336288792 1.054351395730706 240309000 3328240000 64.17 63.16
1.016297262059974 1.0843494237514615 556637000 3231200000 62.36 61.36
1.0113347664647254 1.0358771060455896 126024000 2692560000 51.75 51.17
0.9502082544490723 1.0615660490137477 391342000 2778190000 50.19 52.82
0.9755741127348643 1.0532102022867196 163104000 2517440000 46.73 47.9
1.01873071837814 1.0625698324022346 138850000 2383680000 46.23 45.38
1.076993166287016 1.0979582473044276 293350000 2304770000 47.28 43.9
1.0179847821074475 1.0584918957011982 120765000 2275660000 44.15 43.37
0.9993454069386865 1.0237728373321593 114402000 2403870000 45.8 45.83
0.9868225292242296 1.0287319075394252 142065000 2466360000 46.43 47.05
0.967741935483871 1.043225806451613 121661000 2517300000 46.5 48.05
1.0594771241830065 1.0781830093906966 205565000 2403230000 48.63 45.9
0.9628522630230572 1.0487804878048779 147891000 2451490000 45.1 46.84
1.0130566565633015 1.0207846800560485 114810000 2243440000 43.45 42.89
0.9781750638495473 1.0270976943189922 103557000 2251650000 42.13 43.07
1.2142252328535141 1.2485359234395086 1551740000 3735870000 86.04 70.86
0.9729045327931122 1.1252547208259747 675462000 4166600000 76.84 78.98
1.0925670498084292 1.2267569856054192 1016090000 3444150000 71.29 65.25
0.9824737105658489 1.0723640693213388 526829000 4218690000 78.48 79.88
0.9821455140604078 1.086548976722387 467895000 3551950000 66.01 67.21
1.0712084347120845 1.0954863940035848 412076000 3259510000 66.04 61.65
0.9597325870646767 1.0962158493127439 501522000 3402820000 61.73 64.32
1.1563924202446632 1.581330003122073 1554340000 2206520000 48.21 41.69
1.005390835579515 1.1054964539007093 245262000 2554450000 48.49 48.23
0.9489942528735633 1.0946131243878552 286583000 2950880000 52.84 55.68
0.9022454510259389 1.1453908473834027 229363000 2739370000 46.61 51.66
1.0230481727574752 1.0663953737417007 142073000 2554900000 49.27 48.16
1.0831583368332633 1.1023754467101115 208641000 2527830000 51.58 47.62
1.091120589375727 1.0961613028305546 220363000 2739380000 56.28 51.58
0.9724635002772131 1.0741769139230464 186560000 2875460000 52.62 54.11
1.0476914307429221 1.0496009122006842 131446000 2797460000 55.14 52.63
0.9622842910514143 1.0610372589402735 202009000 2986370000 54.09 56.21
0.9972915457535306 1.0512920908379013 173663000 2744540000 51.55 51.69
0.9669035532994923 1.0368265993265993 82147100 2613620000 47.62 49.25
1.0308681672025723 1.0863022792653243 218134000 2474380000 48.09 46.65
0.9808494501327265 1.0503414634146342 160252000 2795880000 51.73 52.74
1.1442406758705954 1.1458891407376879 408675000 2571070000 55.53 48.53
1.002701018076044 1.1371071889797675 562278000 2548580000 48.26 48.13
0.6745619727449708 1.5134545454545454 749714000 3261960000 41.58 61.64
0.9696557971014494 1.1000626370184778 481218000 3503300000 64.23 66.24
0.936322188449848 1.155800911321416 529848000 3478400000 61.61 65.8
0.8641172721478649 1.2553658154472818 930673000 4144630000 67.79 78.45
1.116049038729451 1.1276744511257166 830718000 3789670000 80.11 71.78
0.8498631565228723 1.252939255388635 922041000 4049140000 65.21 76.73
0.9206571128975882 1.2746781115879826 1363990000 4526680000 79.02 85.83
0.9891186071817193 1.0285288085027036 100183000 2931740000 54.54 55.14
0.9805206967596929 1.0387672029463073 88516100 2840540000 52.35 53.39
1.0052529182879377 1.0283505154639174 69594400 2736260000 51.67 51.4
1.0084388185654007 1.0214949651432998 51786200 2776920000 52.58 52.14
0.9449886963074604 1.1015060862389108 152366000 2828800000 50.16 53.08
1.0027586206896553 1.0162957074721781 57390100 2706060000 50.89 50.75
0.9815028901734104 1.0916905444126075 357124000 3230160000 59.43 60.55
1.02089505691564 1.120543565147882 453940000 3422800000 65.47 64.13
0.9197464048244935 1.0994052676295667 205363000 3454040000 59.48 64.67
0.9822426833278527 1.0439448134900358 160943000 3250090000 59.74 60.82
0.9651741293532339 1.064930494457153 139503000 3224150000 58.2 60.3
0.9674123656861018 1.0737658407414414 177315000 3036830000 54.92 56.77
1.0096514745308312 1.0460343871325568 114510000 2994670000 56.49 55.95
0.9938925812825579 1.0199456029011786 78923100 2981330000 55.33 55.67
1.044631424913115 1.059827491282804 138340000 2929280000 57.11 54.67
0.9890012417952813 1.019203158650395 99381100 3021830000 55.75 56.37
0.9920830401125967 1.0410739687055475 129287000 3046410000 56.39 56.84
0.9875406283856987 1.028587135788895 71063200 2966700000 54.69 55.38
0.987072782008146 1.0338277858176554 81104700 3023150000 55.74 56.47
1.0181950509461426 1.1090260836930006 199789000 2940790000 55.96 54.96
0.9749442251587438 1.0391566265060241 96781400 3116350000 56.81 58.27
1.0086941982945996 1.0566939890710383 150542000 3196870000 60.33 59.81
1.0191307266319851 1.147982896449154 283869000 3183230000 60.73 59.59
0.9832623250152162 1.058223002073696 200428000 3508860000 64.62 65.72
1.0764181114290525 1.1295221843003411 313106000 3169870000 63.95 59.41
1.1811750835134605 1.181639473166896 341369000 2713870000 60.11 50.89
1.0113659022931207 1.0363016446048938 90415500 2673460000 50.72 50.15
1.0123833111068774 1.0430539609644087 100841000 2796640000 53.14 52.49
1.0092951200619673 1.0207646031437998 59355900 2749460000 52.12 51.64
0.9831675592960979 1.0436749950816446 77473400 2782460000 51.4 52.28
0.9785517873510542 1.0285392414570034 95474600 2901270000 53.38 54.55
0.9540724793684966 1.0481383978939451 112759000 2989140000 53.18 55.74
1.0293147673140344 1.037030213706706 150030000 2928260000 56.18 54.58
0.9949118662547701 1.0155592165476843 84302000 2953940000 54.75 55.03
1.1147481360247318 1.160392798690671 402670000 2953400000 61.3 54.99
1.0284845575292045 1.0827798477239592 279653000 3358100000 64.27 62.49
1.0497051390058971 1.075455773126266 272494000 3191150000 62.3 59.35
1.0375126732004056 1.0664401019541205 237478000 3183830000 61.4 59.18
1.016565785281937 1.044809440280657 194636000 3379200000 63.82 62.78
0.9591199432221432 1.081179689875342 350505000 3794080000 67.57 70.45
1.0299237519781326 1.0638483965014578 243057000 3745710000 71.59 69.51
0.9699445983379501 1.0648950227573044 231665000 3892860000 70.03 72.2
1.017227007502084 1.077574047954866 315247000 3882950000 73.22 71.98
1.1400333718393016 1.1528637770897834 487897000 4205220000 88.82 77.91
1.066480381883805 1.0861567120735827 429591000 4638580000 91.6 85.89
0.8912613269451097 1.2793200440259265 786820000 5188580000 85.57 96.01
1.0241159420289856 1.198002049180328 481948000 4662340000 88.33 86.25
1.0469908416921065 1.0629842816028336 388931000 4955290000 96.03 91.72
0.966156959748145 1.0585574863127827 357457000 4801830000 85.93 88.94
1.0660377358490565 1.0708693860733416 287392000 3946910000 77.97 73.14
1.024365916215446 1.025220860644058 157890000 3785260000 71.89 70.18
1.0117630583951829 1.0300889956208503 188976000 3849390000 72.25 71.41
1.033081145230678 1.0617866382590169 174063000 3631120000 69.64 67.41
1.1136185550854099 1.151572926596759 418129000 3435690000 71.06 63.81
1.0168721609344582 1.0482996550024644 174111000 3317410000 62.68 61.64
0.947038998555609 1.0853509841491031 322820000 3351310000 59.01 62.31
0.9196151458721291 1.1579687225443684 291596000 3463640000 59.26 64.44
1.0238913434789723 1.0537917420628393 349454000 3283270000 62.57 61.11
1.0074872169466764 1.0411492122335495 133918000 2940380000 55.17 54.76
0.9790110281038776 1.0260283946123043 83633100 3016940000 55.04 56.22
1.0220313666915608 1.087118977384464 221077000 2872910000 54.74 53.56
1.125 1.19906854549797 561343000 4758600000 99.0 88.0
1.010679708553748 1.0845056065239551 364022000 5420380000 101.26 100.19
0.9819716148830073 1.0241555380989786 328726000 5644390000 102.4 104.28
0.9830966193238648 1.098298471876016 645691000 5415710000 98.29 99.98
1.217759648572325 1.355162335097559 2436540000 6910360000 155.24 127.48
1.4447592067988668 1.529048459345731 2913980000 8042020000 214.2 148.26
0.9595383054287164 1.1889522749408654 3409790000 17116500000 302.6 315.36
1.0669466491084456 1.259493670886076 2599940000 15258500000 299.78 280.97
1.0561336072635696 1.1020942408376964 1703580000 16398800000 318.72 301.78
0.9752735778130482 1.117999285033365 2150480000 19525500000 350.25 359.13
1.0088984936121526 1.134243648382466 1555940000 17116600000 317.46 314.66
1.0705611468043228 1.1950389848646996 1352580000 14655200000 288.27 269.27
0.9852246927817218 1.063879511815113 804377000 15111400000 273.39 277.49
0.9496842178722218 1.1002949852507373 777138000 15615200000 272.17 286.59
0.9806271220291592 1.082700457349054 1392210000 13648200000 245.5 250.35
1.0697331428308061 1.112155652214583 771042000 11835100000 232.1 216.97
0.8933861030641805 1.1788184438040348 943667000 13364800000 218.96 245.09
0.9184213427406019 1.1806551992393466 2593240000 14831200000 249.93 272.13
1.0490278642305297 1.0633585543230735 842993000 14876400000 286.5 273.11
0.9483522902993026 1.1592176545570427 1122910000 15842900000 275.98 291.01
0.8298252208231536 1.70844890121613 2938040000 17371200000 264.93 319.26
0.8999427917620136 1.132747950620484 2104060000 19012500000 314.62 349.6
1.1234989810315097 1.1951324503311258 1966600000 17336500000 358.34 318.95
0.9987639473508387 1.0681418674387344 1291380000 16260700000 298.97 299.34
0.927390438247012 1.1718738236844084 2114880000 16352400000 279.33 301.2
1.4880918761178576 1.6297214803510112 6961680000 11528600000 316.16 212.46
0.955214290303926 1.195682237246466 1087340000 8438840000 148.66 155.63
1.2697040577646699 1.3948637316561843 1515560000 5327910000 124.85 98.33
0.979215456674473 1.0771760353509403 547512000 5548860000 100.35 102.48
1.028007889546351 1.0798715425256395 331151000 5486740000 104.24 101.4
1.0135435617545987 1.0557363710333605 402554000 5351330000 100.28 98.94
0.9886044805110719 1.064941494149415 633142000 12639700000 229.03 231.67
1.1165553080920565 1.1512729813528975 1237950000 12496900000 255.68 228.99
